0.552560669 5205196 0.283711312 3328586 0.754146343 7351206
0.488988487 5108110 0.284642537 3301154 0.712268446 7337544
0.506243896 4873845 0.27122679 3206806 0.783112927 7193445
0.635053224 5934624 0.256473776 3181812 0.684849383 7131350
0.512744385 5488259 0.273461289 3244811 0.739645803 7249202
0.57753607 5040566 0.270166196 3349823 0.718377663 7410662
0.534804171 5419352 0.276976802 3296547 0.743174766 7324680
0.469156293 4858179 0.255776197 3202273 0.689105661 7123814
0.53832755 5736106 0.272736149 3251190 0.735881623 7274330
0.532830684 5620734 0.264750816 3285083 0.718971286 7279690
0.501858642 4942627 0.270350227 3200858 0.736501512 7117583
0.528147596 5254645 0.267244529 3188183 0.724968988 7177751
0.520599065 4981670 0.281724178 3290984 0.736989037 7292693
0.616663846 5536196 0.272903934 3258543 0.73630268 7303871
0.534956608 5503888 0.259147353 3219085 0.700961456 7263088
0.496681451 4727617 0.277046849 3260204 0.820692353 7235327
0.531210266 5595526 0.270099805 3203710 0.731296493 7156150
0.519088384 5409977 0.280813858 3264274 0.702839213 7272371
0.564362048 5623740 0.271553325 3220517 0.724015658 7099204
0.480261157 4780656 0.273824911 3208408 0.731848493 7167736
