0.706456726 1364220 0.13190034 960793 0.181185708 1525478
0.210861003 1231758 0.11506811 945274 0.156892762 1552542
0.180029829 1299494 0.164210418 926566 0.315450832 1525782
0.264650605 1316593 0.169938711 1016085 0.255734796 1603902
0.141140943 1282156 0.086570793 978570 0.157839795 1578688
0.136834306 1236375 0.086359565 951299 0.183357255 1557469
0.145769396 1250066 0.084687767 964868 0.153061699 1526490
0.151952406 1315879 0.085207668 947333 0.163806884 1543390
0.131648111 1233364 0.08272256 943147 0.155828082 1534451
0.136172631 1278423 0.083393928 928587 0.156789083 1479959
0.144499214 1234394 0.090785323 930198 0.173833268 1486567
0.141474564 1237266 0.088618645 968143 0.155507331 1547917
0.129593578 1235872 0.092163762 928313 0.170029579 1501246
0.144751893 1307387 0.092253162 927286 0.177511197 1529617
0.139455876 1159292 0.084557005 940347 0.153572593 1539972
0.124571503 1204598 0.086941207 963233 0.23977541 1572011
0.149710013 1407880 0.089461756 978935 0.175153928 1621520
0.138767584 1220697 0.092044062 946588 0.180628565 1529525
0.147342463 1259429 0.091933742 930746 0.176593139 1521273
0.123429034 1278163 0.086215706 949131 0.153314348 1519916
