0.250423481 1975139 0.20276807 1755807 0.300529294 2269559
0.341462631 2335982 0.260955048 2030918 0.369573838 2471136
0.309168152 2320332 0.233089393 1996606 0.302093501 2384710
0.29894833 1993506 0.215649416 1704758 0.322855449 2183885
0.256072224 2005989 0.193387932 1776932 0.313645803 2262201
0.362422196 2379946 0.287410781 2233539 0.331789412 2560679
0.217098159 1760789 0.160891182 1430233 0.269706637 1929383
0.304491275 2156710 0.227527832 1935973 0.34419603 2412149
0.258234338 1825944 0.1612666 1488690 0.244971479 2006623
0.295452274 2232287 0.2287674 1954013 0.297985272 2231138
0.250748876 1862235 0.1990755 1745090 0.299499757 2191627
0.211527421 1695603 0.190860381 1665207 0.286087509 2145475
0.284094765 1940005 0.185792394 1705005 0.274307838 2204022
0.290458365 2213174 0.20602518 1884268 0.29477468 2373464
0.294662695 2243863 0.208359354 1889984 0.290910632 2300891
0.269501304 2021280 0.197640883 1804750 0.279553637 2201930
0.224985775 1755052 0.21209961 1573128 0.249340071 1979382
0.29699603 2319608 0.204337637 1889821 0.294736052 2359960
0.276366212 1960369 0.181932627 1654125 0.269204235 2051581
0.268930981 2112981 0.186332292 1712965 0.277343369 2173687
