0.805031951 6014529 0.790839609 7087598 0.712756691 4231575
0.868611889 5740240 0.806297253 7089372 0.71519235 4212836
0.892862625 5814086 0.811305407 7067359 0.717735297 4225052
0.829868232 5795662 0.839146269 7085839 0.705673354 4223146
0.836460898 5535398 0.793287583 7056260 0.770590451 4211798
0.862852177 5717476 0.805286953 7085650 0.704028256 4229726
0.844607232 5942538 0.793659864 7082538 0.700013785 4229826
0.807223626 5694058 0.868584109 7082263 0.69490366 4231791
0.862085872 5542361 0.878436213 7088866 0.771107525 4229335
0.888981776 6109694 0.785815197 7086566 0.699265423 4234344
0.875282884 5519113 0.850127202 7059214 0.699568909 4234891
0.833152215 5678822 0.798885067 7077544 0.700034434 4221146
0.868225079 5991704 0.798716768 7076807 0.698560013 4231865
0.814627473 5588574 0.84216786 7065292 0.696824136 4233217
0.830205563 5365638 0.798024405 7107587 0.709621815 4225295
0.792548983 5341980 0.872936197 7084009 0.695924414 4227169
0.796527187 5527303 0.772803522 7091625 0.7222823 4236556
0.870084655 5079871 0.80208491 7089657 0.722558344 4233709
0.867885284 5683583 0.796375541 7081404 0.765461591 4235765
0.838098703 5659919 0.850478978 7084845 0.717721839 4235351
