0.543672679 0 0.468651491 0 0.495954749 0
0.49432036 0 0.458413667 0 0.473738749 0
0.48121242 0 0.417657444 0 0.447173455 0
0.516254342 0 0.417474916 0 0.479325781 0
0.48911971 0 0.431915053 0 0.453941987 0
0.489206189 0 0.40935072 0 0.468039145 0
0.50487058 0 0.463532337 0 0.484185659 0
0.507234843 0 0.424497238 0 0.493103776 0
0.477666154 0 0.424271207 0 0.436991535 0
0.517443989 0 0.42418658 0 0.473556592 0
0.524195523 0 0.462268108 0 0.476558097 0
0.517963348 0 0.456664842 0 0.501404936 0
0.47777868 0 0.449255322 0 0.449029315 0
0.489879598 0 0.409602552 0 0.480045383 0
0.532392374 0 0.447496996 0 0.457661274 0
0.475214084 0 0.421325687 0 0.453496148 0
0.476092112 0 0.436394375 0 0.466189898 0
0.477970529 0 0.395225351 0 0.444746117 0
0.488880927 0 0.429563244 0 0.467697376 0
0.518520864 0 0.453475959 0 0.482755495 0
