13.398171303 110554119 8.380718042 88364218 17.201759213 151760753
13.040354711 119886715 8.268166344 88650019 17.081532313 153170910
12.708332304 120889454 8.190607208 88278045 17.230773562 152019071
12.420421079 112268985 9.305941626 88598053 17.015258039 152831537
12.498348555 115352986 8.374465221 88262344 17.341284751 152514357
12.29859765 110727944 8.236479996 88514845 16.996263496 152393754
12.003484771 111022667 9.279216948 88231281 17.296069602 152344032
11.938797885 111646490 8.385235328 88508379 17.579445762 152704601
13.662121364 126206735 8.235916508 88274118 17.290365414 152627767
13.495726326 118547688 8.072109089 88121175 17.036839976 152046603
14.730168141 129257052 8.291397488 88566132 17.325477126 152830700
13.612553741 113881322 8.463501878 88778758 17.537190113 153034690
14.921928221 126917137 8.321892384 88297015 17.538878058 152282569
14.530605864 127196938 8.185962656 88248609 17.014792864 152755055
14.404873194 128503179 8.397378291 88537611 17.555804157 152418366
13.748164725 117815986 8.60227096 88428934 17.990001512 152496896
15.535384562 130360198 8.147309844 88029016 16.789732653 152052987
11.306582785 112185124 8.075330316 88314120 17.228300969 152067388
12.293884544 112575253 8.270926107 88329345 17.367330213 152705386
12.196247774 115243422 8.72649118 88421990 18.228743803 152209721
