143.20572914 511330407 157.789292719 802979617 135.102733303 349682649
149.836633744 551215488 158.44682497 802611932 135.082878276 349697999
161.16834319 628009537 174.343863207 802699303 149.910803821 349722282
147.51869984 527154226 161.696990247 802811133 138.595072736 349640905
145.091346351 578651872 160.879681152 802885930 137.372324323 349691736
146.388177123 552536112 159.299947798 802847156 135.013237312 349601984
142.464644823 473280783 158.219349201 803203595 134.217219922 349542093
153.511007947 552200271 173.761749977 803132191 147.705536619 349594779
157.688391671 603089636 167.877411466 803094576 143.371091173 349558319
159.240883456 665545698 164.588306171 802965486 138.726142683 349714902
156.181933915 609430487 162.559986557 803176282 138.574892881 349572597
148.846619416 527620507 161.111795669 803052766 136.608919181 349528489
165.388911027 592358578 174.416040777 802696744 147.506380656 349715752
157.857023877 655715032 167.03658066 803178401 140.011264766 349605789
153.831201118 588191500 163.363071537 802861749 140.859456926 349625260
146.044262771 527873681 161.036539263 803145661 137.574369595 349578503
144.927507821 598749981 158.690195386 803152245 134.593943253 349594951
164.361455275 597053006 175.519216452 803072923 147.352337206 349559764
151.176588189 496819084 168.222737066 802933515 141.871356671 349661686
147.055836537 505731156 164.330364053 802933198 137.515449967 349594756
