0.004339957 0 0.004151337 0 0.004371423 0
0.005018113 0 0.004480325 0 0.005080673 0
0.004391875 0 0.004023158 0 0.003909619 0
0.004632664 0 0.008888184 0 0.005785377 0
0.005050132 0 0.00477389 0 0.004996721 0
0.004146217 0 0.004529158 0 0.004086859 0
0.004685614 0 0.005531025 0 0.005295002 0
0.005435389 0 0.004205709 0 0.004832468 0
0.004314394 0 0.004239717 0 0.005221151 0
0.004611027 0 0.004335908 0 0.004507873 0
0.004626801 0 0.004885339 0 0.004138866 0
0.004049022 0 0.004464257 0 0.004750678 0
0.004986652 0 0.004328147 0 0.004378239 0
0.004200417 0 0.004358141 0 0.005718612 0
0.005070825 0 0.004754595 0 0.004852827 0
0.006949196 0 0.00748544 0 0.004632586 0
0.005094534 0 0.00433664 0 0.004807094 0
0.004182979 0 0.006705698 0 0.007365943 0
0.004620771 0 0.004984319 0 0.004066188 0
0.004395099 0 0.004293804 0 0.004325999 0
