14.749598653 115019945 7.57134658 78060141 18.0548946 153561595
12.465249306 111654440 7.683242333 79375272 18.163863317 155606493
13.912728604 118390408 7.784020313 78870851 17.971624018 153751150
13.114031297 116304909 7.564985942 78399708 18.204107693 152828821
16.345582951 130153719 7.711045982 80448182 18.364108763 156852479
11.199045591 100407622 7.548422205 77129356 17.756296988 151299820
12.879358118 108700401 7.796722779 79785368 18.475184695 155798971
12.027559438 106414424 7.533896013 78570610 18.189477813 153647003
15.26335699 107730420 7.70061097 79190037 18.141122381 154956098
15.72702733 134705915 7.732823113 79703707 18.139495887 155598665
15.099738895 128969253 7.511723842 78926555 17.755912742 153271845
15.008626139 124937710 7.669865655 78412605 18.02915492 152940764
17.626171692 124885557 7.76729577 81106200 19.11796755 158174547
13.325347859 114313767 7.50206982 78763121 18.119870869 154127081
13.938324683 121180558 7.516099196 78812177 18.047345038 153576366
15.126741088 123548403 7.914555763 80028242 18.475819132 155980825
13.531429413 102536439 7.524297666 79038113 18.132106768 154770003
14.574043356 123641440 7.563456409 78256368 17.952460924 153133540
13.770284244 111703031 7.522242896 79020299 18.120287881 155010341
11.502410824 97688947 7.476069662 77640921 17.790417185 151366327
