590.638965009 2975165836 145.3455368 1244476414 837.416245211 5268808005
778.502073627 2762678002 141.080659229 1225191569 792.52142473 5068482259
800.123926678 2764556168 135.085224297 1180687264 754.051356501 4896957545
830.111450745 2660215642 137.305647935 1203717085 772.433790582 5011115882
976.155580893 2827079568 137.774355922 1203706507 750.227186965 5069643113
828.049069173 2778576815 153.341718829 1184899980 780.014843454 4978506606
1131.732801725 2772251888 139.43789562 1224298733 794.364027633 5105938923
963.698002335 2474993513 118.335855085 1088634403 657.549325976 4557472678
4616.520912107 2953849125 131.829693853 1204794037 761.261586843 5041180111
701.056367243 2750513336 133.512394099 1185053437 717.326578786 4915866300
568.316403744 2886245993 144.699249988 1273361748 820.984605697 5277369771
1205.477287763 2949141384 145.182864942 1267876523 826.159391471 5263447794
863.637300859 2588098751 135.927726164 1199744230 760.91363552 5001719271
1108.659246508 2912175520 153.899638602 1249120532 814.215509767 5210636464
1063.062760556 2712511178 149.517091858 1227851736 789.286569152 5121155369
1174.976727602 2715162184 133.659628887 1181657650 798.153631095 4969538371
1252.03245302 2801210639 139.401122697 1144730639 726.866195495 4838321779
905.796098702 2979757413 171.102033114 1267868491 835.860797446 5271003738
423.676354334 2565942272 126.791411908 1158733490 720.351269787 4821646912
876.733217399 2945366276 143.485042216 1197075431 765.638300714 4973681326
