3.833018014 1.1200916 3.229784014
5.723495666 1.611942851 4.353911622
3.748049755 1.122611614 3.250507193
4.16488419 1.257676543 3.521768649
4.591278477 1.427091335 3.880244877
5.617372464 1.602018334 4.271239376
4.386230725 1.337665453 3.739159591
4.521919793 1.395829349 3.865635079
4.171998593 1.279473852 3.587592946
4.716544451 1.45208326 3.9013814
6.219249927 1.723337233 4.616545667
4.636558474 1.41402746 4.009657584
4.253623444 1.283023172 3.581811304
4.233926357 1.279418186 3.701392425
3.264277669 0.987896254 2.824566543
4.323802328 1.192437543 3.402730445
5.169998648 1.5799225 4.285682273
5.645813249 1.742974022 4.90936371
5.063139173 1.593559204 4.31598596
4.724698466 1.494604764 4.16068665
