2.172390351 18046311 1.177747859 11927359 3.109775325 27992806
1.983634177 16520988 1.194281018 11774057 3.094326933 27769890
2.271101258 19433363 1.19534687 12389411 3.276689512 29311806
2.283672747 20658955 1.213003235 13240264 3.536328852 31155795
2.356771604 17791754 1.124706274 12178484 3.184164305 28720302
2.263107037 19877177 1.106713287 12221165 3.242048515 29001644
2.047686467 17610878 1.354052116 12863720 3.381605612 30166216
2.269472421 19070964 1.226272272 12073604 3.200114962 28534403
2.193060167 17504076 1.194997453 12176110 3.273765177 28838008
2.185047642 18369084 1.219502062 12378190 3.342248816 29087419
2.364077071 20807127 1.133298099 12206539 3.220202064 29076833
2.326467327 20724454 1.171267196 12901865 3.365488709 30313686
2.25395143 19989502 1.098928983 11902006 3.089293628 27908986
2.278383951 21303964 1.209281076 12109959 3.199174455 28813258
2.838917052 21852491 1.173981677 12971932 3.406713292 30445515
2.327378323 20128499 1.166236305 12546118 3.328974944 29740949
2.018494443 18560376 1.161651005 12107823 3.19714599 28744400
2.493801878 21731280 1.142330532 11883019 3.08463214 27787723
2.320033672 21367816 1.324912745 13483381 3.634602105 31995646
2.564739606 20548182 1.212891861 11641066 3.155524446 27417681
