0.249351387 0 0.227743236 0 0.242545718 0
0.249706203 0 0.234696028 0 0.242341171 0
0.253482902 0 0.221571086 0 0.246964447 0
0.248212189 0 0.225460643 0 0.237701875 0
0.252343921 0 0.224822357 0 0.242174977 0
0.285152013 0 0.235540098 0 0.251116866 0
0.263305943 0 0.217861784 0 0.231311561 0
0.256996995 0 0.228944865 0 0.243300367 0
0.249752366 0 0.229160127 0 0.246679236 0
0.234422966 0 0.228246282 0 0.236860269 0
0.252707872 0 0.237476947 0 0.251053522 0
0.260226121 0 0.213078142 0 0.226842087 0
0.248444968 0 0.288686855 0 0.274031251 0
0.214842742 0 0.218331172 0 0.22602738 0
0.259718741 0 0.237325957 0 0.252474873 0
0.249722141 0 0.221604493 0 0.254361009 0
0.26083185 0 0.221695729 0 0.240374251 0
0.246242108 0 0.231405449 0 0.238080189 0
0.265134623 0 0.231208932 0 0.230275312 0
0.245299311 0 0.226970562 0 0.23490916 0
