15.265345598 116530791 7.54549889 66657413 25.950715931 190925998
18.129046573 137288572 8.305946592 71457833 27.972687803 201817092
16.658780593 129304780 8.189822976 70781716 27.386693142 197617541
17.344935851 129878917 8.192383171 70019261 27.175086889 194621392
17.096252147 130312513 8.581783929 71843196 31.034432788 204291875
17.408771998 133788997 8.077198417 69876635 28.631248372 198365765
16.093330626 124875888 7.99016595 68893038 26.382877443 194419816
16.049718571 121696166 7.818444707 67634009 26.66808705 195431837
16.539329655 125211246 8.79199986 73165260 28.287081334 203742034
16.164296627 122679203 7.987212808 68872910 26.890023559 198854879
18.558876208 139654254 8.47276734 72240102 28.134107027 202394535
15.986960581 124361640 7.563391973 67034907 26.118005809 196469750
16.269853246 125574868 8.17528001 69461187 27.561229656 199662114
16.287355639 126159744 7.889162793 68267771 25.985821647 192296390
17.060910742 131410355 8.417616948 71639816 28.023251632 202381349
18.269578948 137556106 8.361162803 71689791 28.100873149 206452889
17.235064622 129477620 8.578650591 72125584 27.902559192 202394093
16.451102143 126985267 7.951959561 68618345 26.423925873 194310898
19.266999969 136530102 8.314448441 71134099 27.877415287 201575775
17.988870001 135000797 8.365135645 71424910 28.188158029 202790144
