0.680163114 4052840 0.398629102 3336214 0.671108232 5162177
0.546526023 4302999 0.382314734 3625643 0.809355352 5959197
0.619295198 4474661 0.341452912 3259155 0.740885422 5345584
0.47180157 3961838 0.316875094 3015461 0.696781179 4905727
0.459233797 3996364 0.342892575 3284895 0.702649954 5403125
0.537229194 4562691 0.357493762 3363703 0.711578609 5360590
0.490825938 3902412 0.311482983 2836862 0.636279064 4599712
0.609807176 4999176 0.370323471 3437216 0.727471373 5604943
0.544869469 4413190 0.384503036 2939973 0.627091921 4833749
0.577519761 4584853 0.342202459 3258700 0.683833283 5395845
0.449256633 3541922 0.32898664 3119557 0.661093045 5071872
0.487508859 4084452 0.358976113 3307340 0.663222806 5296318
0.501602026 4229598 0.362947914 3429943 0.729731203 5581510
0.638619899 4351114 0.374045067 3580746 0.738147276 5674257
0.456683822 3939093 0.35268809 3269447 0.708181602 5314883
0.462305863 3831922 0.328514892 3112217 0.638763974 4865161
0.542351164 4447030 0.325522329 3213017 0.646948732 5181204
0.573724968 4598257 0.338253827 3229237 0.668278174 5221910
0.452262539 3670671 0.310092627 2932697 0.623174433 4783481
0.611993229 5051198 0.38018821 3701712 0.726024678 5666090
