2.485160891 11784080 2.718871536 12829240 1.837230172 3684640
1.868803653 3696160 2.688965165 12829240 1.899987599 3684640
1.869196282 4683710 2.559162933 12828805 2.071103916 3684844
2.133466338 6470183 2.648419928 12828805 2.012699327 3684844
2.109969102 7358143 2.467130186 12828805 1.868581343 3684844
2.44255778 10013396 2.595258859 12827942 2.011949545 3685224
2.379612227 9089687 2.647988668 12828805 2.103046628 3684844
2.1862571 7335640 2.418302757 12829240 1.835677239 3684640
1.943855621 4650564 2.591705389 12828805 2.124091112 3684844
2.341931035 10065282 2.755012269 12828805 1.990214694 3684844
1.925840439 3773906 2.521762464 12828805 1.928173268 3684844
2.328743976 9122830 2.693827156 12828805 2.04117374 3684844
2.168532038 9166680 2.514614215 12829240 1.962496634 3684640
2.435624683 9178040 2.656640603 12829240 1.948530813 3684640
1.948368726 3740644 2.64586511 12828805 1.960956088 3684844
2.341829271 10065600 2.654735531 12829240 2.000600922 3684640
2.213799879 10021415 2.768108802 12828805 2.134296156 3684844
2.245297207 9121920 2.526781308 12829240 1.824238541 3684640
2.080548457 6470720 2.481011994 12829240 2.02831084 3684640
2.184797995 7379734 2.643840052 12828372 2.075084637 3685082
