0.005537404 0 0.006185526 0 0.006205792 0
0.007325909 0 0.006937502 0 0.007258655 0
0.008431809 0 0.006319714 0 0.006767959 0
0.0069878 0 0.007021374 0 0.007413244 0
0.0070548 0 0.006822801 0 0.006371686 0
0.007372897 0 0.006500376 0 0.006578859 0
0.007324942 0 0.00652765 0 0.007648524 0
0.007506225 0 0.006764459 0 0.007302652 0
0.007436988 0 0.006856255 0 0.007794529 0
0.006198656 0 0.006296817 0 0.006083902 0
0.006246957 0 0.00651217 0 0.006196408 0
0.007275073 0 0.006629314 0 0.007085359 0
0.007221055 0 0.007288967 0 0.007344345 0
0.007187751 0 0.007129229 0 0.006431287 0
0.00695396 0 0.007057233 0 0.006785282 0
0.006246345 0 0.006616354 0 0.006520457 0
0.007411819 0 0.006799085 0 0.006413674 0
0.007480918 0 0.006848787 0 0.008257623 0
0.007485935 0 0.006667591 0 0.006535718 0
0.00714196 0 0.007073721 0 0.006755299 0
