0.417703286 3381438 0.321292788 3265553 0.454830529 3318126
0.41071339 3446032 0.325261914 3277113 0.449943715 3408971
0.408192512 3335635 0.337500633 3241440 0.406032881 3377771
0.41235294 3455754 0.325109375 3291633 0.413584667 3379962
0.415620334 3304224 0.33905273 3274337 0.410739779 3362483
0.406595576 3369443 0.328949926 3267836 0.416826057 3423267
0.381748832 3266811 0.330070099 3293211 0.429948857 3411663
0.39370194 3264074 0.354583908 3335214 0.430934029 3325934
0.407723378 3402435 0.35717998 3320322 0.408968004 3274373
0.406518504 3439816 0.405226147 3283419 0.428604467 3281594
0.403441511 3347716 0.411084513 3243012 0.413796694 3391400
0.400231032 3180366 0.328591597 3277110 0.425041327 3319525
0.401996561 3143010 0.338354877 3235714 0.405810423 3285715
0.397301851 3191316 0.327549957 3282876 0.451904459 3293717
0.405033189 3080108 0.347981959 3294840 0.444083912 3346827
0.491038776 3315472 0.326466472 3267827 0.488030925 3367191
0.4093086 3364880 0.354607889 3292119 0.406853635 3344874
0.43364242 3292708 0.350012352 3333235 0.414522329 3404587
0.406102288 3333753 0.324478328 3300698 0.413062561 3431007
0.414377582 3350412 0.32778022 3293608 0.405311286 3322286
