0.007622628 10432 0.006511944 7380 0.007037634 13182
0.007830117 11747 0.00611648 8507 0.007379145 13693
0.006709058 12570 0.006611747 9327 0.007578884 15944
0.006767949 11448 0.006899529 9718 0.007976919 14814
0.007246474 15067 0.006728308 10996 0.007937016 17029
0.007162913 14788 0.007510279 9742 0.007841358 15538
0.008892031 28069 0.009247601 22830 0.00989646 33939
0.006252176 10012 0.00507202 7056 0.006544613 12416
0.007008347 10653 0.005937583 8178 0.006532799 12123
0.009203565 20096 0.00636414 13757 0.007552239 23064
0.006667734 10235 0.006074065 8063 0.006694854 12088
0.007232271 13464 0.01467992 8612 0.010233787 15757
0.009128965 15963 0.008747129 13950 0.008044022 16461
0.009047569 25178 0.008086967 18518 0.009445472 27023
0.007369477 8670 0.006715747 6709 0.00742356 10906
0.007713853 11907 0.006785253 9627 0.011519768 15786
0.008014209 9581 0.006401415 7176 0.007322945 11403
0.007592071 13436 0.006167229 10736 0.008299125 16366
0.006189243 7007 0.006447433 5837 0.006993559 8614
0.006483874 8382 0.006220277 5661 0.007588027 9743
