0.158468989 1240742 0.101136721 985157 0.174301241 1706592
0.142279542 1336606 0.111689198 982585 0.212159099 1692773
0.133056078 1221576 0.09109564 986541 0.188642382 1718912
0.154194512 1502870 0.089555909 995412 0.181532105 1750246
0.172639218 1548525 0.086533587 970835 0.175564336 1690834
0.147543521 1394202 0.0932673 1010261 0.201812951 1760026
0.142185156 1361115 0.093393743 992631 0.18945168 1724243
0.155374294 1404126 0.088313615 995693 0.177958762 1744185
0.157059156 1406383 0.089899169 997731 0.179206218 1758584
0.156212565 1369806 0.089226394 982084 0.189402904 1678710
0.138026521 1264516 0.09010212 985813 0.188066902 1734535
0.145165934 1205654 0.088960626 993615 0.177225397 1696714
0.135180615 1287378 0.094271337 1002313 0.177836865 1754495
0.158673804 1376974 0.090463544 988547 0.183661099 1729604
0.15297561 1386063 0.097224184 1008140 0.190391112 1727491
0.143940306 1278589 0.092308865 992801 0.190256211 1703092
0.149619033 1350134 0.093565827 991363 0.247248896 1729785
0.14918152 1312256 0.090287144 980282 0.186597726 1682813
0.144539897 1361891 0.094883711 986347 0.182472602 1680833
0.151702857 1436084 0.089922367 975755 0.174402831 1706717
