0.016971776 64021 0.013881963 47053 0.018394356 75257
0.022054277 103067 0.018085062 77433 0.022982774 107681
0.016122498 57510 0.013219248 44337 0.01962257 65726
0.016539358 61156 0.014903196 49441 0.017893882 71390
0.018180287 68898 0.01381812 53918 0.01917185 78570
0.018762009 90358 0.017049778 75255 0.025077129 109418
0.01713527 61242 0.013471767 41301 0.018463765 68634
0.017539925 72763 0.01575389 58624 0.019605209 82975
0.018452398 75236 0.014472859 58166 0.01944288 87438
0.019103368 77424 0.014337292 54482 0.019522059 88839
0.015023624 61050 0.014529161 49606 0.017900778 77068
0.01740692 71304 0.01464123 55419 0.019309454 79123
0.01769299 75364 0.013365751 54860 0.017776173 86015
0.014900716 63000 0.012460252 49032 0.017129973 73333
0.013573843 48769 0.011565084 40603 0.016989556 64276
0.022643731 112119 0.017128691 90575 0.024834457 132470
0.016883186 71831 0.013978227 52813 0.018015823 80976
0.017062195 70364 0.014401566 50060 0.019212252 76308
0.020567309 79986 0.015731015 61962 0.021061763 93668
0.013708609 38354 0.011544976 28586 0.014622161 45803
