2.456370749 21368864 1.490274149 16030293 3.025220239 25732597
2.029720535 19254969 1.440996621 15682883 2.754724887 25109091
2.251527339 19481207 1.475350727 15952413 2.96773262 25474217
2.061807303 18650582 1.459846456 15798170 2.727054998 25065102
2.485348718 22056400 1.431103701 15730574 2.90173415 25226284
2.496210326 21186271 1.494174578 15663963 2.710036972 25138646
2.171585039 17668820 1.444241662 15855486 2.998207113 25484361
2.147277527 19473295 1.448452103 15806705 2.749147647 25413176
2.079335117 19727101 1.447870639 15796444 2.809990006 25196191
2.206636583 20804454 1.456861686 15543572 2.891885469 24977224
2.079666803 20041036 1.506257072 15820831 2.725327531 25379986
2.266311125 21378850 1.497933203 15823048 2.758467534 25305810
2.332331423 20236557 1.533555955 15647836 2.919874137 24876455
2.201465225 19925644 1.50802781 15648163 2.711633044 24972479
2.347869876 20712642 1.540568855 15723254 2.71897257 25119674
2.146858931 19606682 1.591839185 15898448 2.94789294 25208413
2.218211829 20044106 1.495927637 15523243 2.751093518 24836448
2.652495831 22217517 1.467517868 15617248 2.692575435 24892267
2.141727688 19615141 1.485802149 15409935 2.69674524 24854619
2.145364821 20152165 1.542785891 15845069 2.752886259 25412566
