16.691682244 101775634 16.857550281 121532107 15.294364462 71768184
16.444949002 95387272 17.397432784 121481734 16.994463542 71899009
16.291731027 92928356 18.483229421 121501408 15.796214765 71853894
16.414246116 97463035 17.468190473 121473429 15.374447188 71808204
16.203623796 95506718 17.160645114 121519746 16.035540183 71811545
15.736539019 92880296 16.875960283 121480644 15.302669156 71897673
16.047767918 89224726 18.104450662 121378755 17.493288002 71785325
15.509434273 94774660 17.208242903 121458982 16.205022652 71921606
15.362368314 90670564 16.553944557 121435841 15.611219582 71774319
16.342913048 96185111 16.927475096 121522771 15.363385442 71891700
16.775770416 99474262 17.148354678 121486867 15.348657311 71807474
15.904356825 93319894 18.390779946 121532705 16.476360775 71851462
16.513474548 94571793 17.684811982 121556769 16.044847197 71864910
16.12643162 92485978 16.590511382 121477717 16.348347703 71945669
15.417779083 88513528 17.806368585 121408885 15.646808464 71781402
16.523350147 97090914 17.346645165 121531478 15.007167602 71878920
17.130646996 101193649 18.358188003 121426872 16.06109087 71851763
16.507893491 101739945 17.869725591 121416283 16.402033999 71734308
16.066842787 91513373 17.168346851 121377732 15.976264036 71886385
15.886067072 99170658 17.077456747 121554470 16.272710064 71909602
