1.276851572 9594146 0.583643249 6016609 1.706129352 13732231
1.447038116 10033108 0.558074387 5788166 1.519462761 13421644
1.066258165 8754200 0.531836309 5736138 1.476199311 13264549
1.055487059 8864306 0.538761341 5573762 1.512609794 12882634
1.04973027 9458376 0.590691593 5576298 1.481997944 12849017
1.011514374 9034873 0.595441214 5754897 1.52450742 13251444
0.997569953 8916869 0.5891981 6083112 1.693680315 13881001
1.230297711 9408772 0.566451185 5850517 2.001489086 13478357
1.198500287 9420272 0.602215977 5934459 1.824039619 13708380
1.121652699 8743081 0.710165485 5559931 1.456320476 12805538
1.266959723 10361046 0.519050571 5526085 1.475683926 12712114
1.28751977 8850942 0.511921528 5529282 1.515597594 12868329
1.204189791 9678131 0.573940252 5368467 1.428091635 12393998
1.29925272 9797076 0.513457749 5385934 1.465718472 12453860
1.500611428 11298782 0.590498729 6191468 1.643190794 14363240
1.156924977 10139488 0.556043705 5792004 1.603109865 13366314
0.894431543 7778262 0.514665683 5344156 1.497558442 12508220
0.966625601 8212297 0.636921821 5587150 1.476759672 12959969
0.973007622 8348113 0.560677739 5509719 1.478232324 12639398
1.03896632 8157144 0.538085666 5351356 1.491626212 12382366
