0.438559668 3570652 0.348966724 3466497 0.467697725 3730779
0.446754835 3650510 0.347695717 3450950 0.439656262 3780098
0.444182664 3798554 0.32909353 3449789 0.444613549 3739258
0.417989785 3554248 0.35693787 3460890 0.440603893 3718697
0.440967689 3632356 0.331966101 3471842 0.457048586 3792504
0.416267857 3585296 0.337649367 3444037 0.44317295 3724598
0.410479965 3560709 0.418721224 3472615 0.441571735 3735168
0.433670217 3671852 0.328394501 3452313 0.450000774 3753418
0.421482366 3533391 0.337694947 3474980 0.518440346 3682311
0.394824925 3472008 0.340075459 3443368 0.453201104 3708641
0.397221895 3388560 0.350174494 3456579 0.436728248 3755442
0.426935144 3617094 0.327405593 3440906 0.480645578 3737051
0.481774733 3582090 0.351469717 3482702 0.439481579 3769200
0.409052655 3497114 0.326003218 3429889 0.439553136 3748255
0.450623487 3700261 0.332447326 3466095 0.44144794 3709376
0.450908412 3682909 0.337068521 3477071 0.442856193 3751976
0.426633067 3666323 0.332006954 3471703 0.516748105 3770176
0.399977251 3471550 0.329821106 3458626 0.442006339 3703118
0.415868961 3604328 0.326968067 3454826 0.449131349 3746605
0.473403761 3577514 0.329640458 3459152 0.431924613 3686156
