137.600651134 905370672 125.75687535 896621583 160.856624078 931668917
139.85760041 903228666 124.894596106 900030518 159.797572114 929509545
147.121398835 883300960 126.203627997 899795697 162.27243099 929598390
151.019668959 968008946 123.416236963 897873455 157.235074934 930642138
150.266142743 913679400 124.75449714 901189242 159.13629457 929489360
142.92709656 933815753 128.773206514 898709650 168.065851927 930316863
149.156452088 949626634 127.575168629 898751136 161.46994907 931594417
143.081697301 919975802 125.9868776 901333949 161.006991042 928543131
146.292318226 935116505 125.557167763 901011245 162.215780688 930782482
137.684531326 897080648 123.376166932 900334364 156.797095685 928803182
135.473527228 900125396 127.66238999 901706716 162.918776399 925985752
148.189976963 894684558 127.721820643 899520452 163.079583929 927170938
146.156462882 930704440 123.799536682 897948864 159.016364472 929494838
148.741154283 919932161 125.828106998 902880215 161.470685346 928479466
137.274913042 906070546 123.233920818 898472958 157.380451632 931242473
146.894778087 956416162 128.326389981 901136494 167.615080737 929399885
144.695923973 930616240 128.181777177 901861944 163.276568605 928307684
132.336878872 874141360 125.148277603 899326379 160.194351601 932228697
151.0689982 946127575 122.994355757 898333286 157.870043084 931235289
144.663491444 916710577 126.077800153 901348063 159.609061935 926582585
