20.691303022 6.73361758 18.131732081
17.575093948 5.700736516 15.730120219
21.166739231 7.060179385 18.754409955
18.945193663 6.194914043 16.6824757
20.13804141 6.485756943 17.627017897
19.650591354 5.981280648 15.999524294
19.522477671 6.313577363 17.207993029
21.473480053 7.176858618 18.859376584
26.720934608 8.761862571 22.861291319
20.694408727 7.143583123 17.846331184
19.582204143 6.297931526 16.995483039
21.17054756 6.424112421 16.942925293
15.945980029 5.154507743 13.959922097
20.593262521 6.846114567 18.296859115
15.825975268 5.11438232 13.475586904
18.892256177 6.311134443 15.968481675
19.13916519 6.163309419 16.393902115
19.431544482 6.247111473 16.704376193
19.577789099 6.462821331 17.209702251
18.231055204 5.997089494 15.473332245
