0.008213802 2644 0.005991386 2048 0.008933694 3260
0.007176495 2604 0.006036313 2022 0.005295036 3088
0.00507737 3324 0.004647361 2489 0.004937901 3221
0.004534856 518 0.004381857 430 0.004160519 513
0.004362599 2575 0.004205397 1797 0.004471457 3256
0.004727789 2258 0.004187832 1982 0.004562912 2585
0.009174932 4469 0.006852098 4302 0.005987861 4551
0.004675967 1363 0.003932265 1127 0.004367729 1883
0.00397743 1020 0.004235678 818 0.004005648 1596
0.004620944 3140 0.004468601 2241 0.004354597 3535
0.004650767 3068 0.004415813 2884 0.004627657 3374
0.00461634 2061 0.00463952 2014 0.005229289 2075
0.004634826 3852 0.004197617 3120 0.004723839 5177
0.004495044 4874 0.004278191 4265 0.004619694 5236
0.005680687 9680 0.005320658 7869 0.005600464 11591
0.007771154 3808 0.005802754 2327 0.005692509 4700
0.004552371 1596 0.004390856 1220 0.003958188 1818
0.004741763 7583 0.005091729 5559 0.005296453 8420
0.004575754 1708 0.004451294 887 0.004094844 2071
0.008863161 12713 0.007035884 11533 0.007278377 13219
