0.171440195 1421265 0.075896537 810399 0.232413317 2019054
0.193011325 1643966 0.079977543 853884 0.221008213 2075050
0.126068136 1246936 0.077010984 830210 0.241188932 2055334
0.161294376 1375435 0.074863471 861685 0.218313951 2094771
0.156974746 1516096 0.082894876 849688 0.213452719 2106721
0.125410326 1225836 0.078572942 837304 0.211173313 2058174
0.147921391 1444684 0.08373563 823897 0.203870836 2015006
0.161935746 1537478 0.072646604 834653 0.210292305 2053584
0.137780069 1467505 0.074670006 857023 0.216439266 2121230
0.132140696 1291006 0.077915944 850585 0.231617669 2073482
0.131009029 1369705 0.07303187 830787 0.201991122 2042688
0.183613344 1287830 0.074998756 843726 0.206572352 2077366
0.132683376 1175778 0.085505538 857916 0.207643915 2094557
0.157092121 1515676 0.07795931 854564 0.222631735 2084257
0.127368906 1268936 0.080405906 809957 0.21080197 1990489
0.1514566 1318065 0.071377018 819871 0.202593134 1997879
0.157038375 1601378 0.077516779 860338 0.225778902 2097120
0.13588215 1335726 0.078774661 842178 0.217258697 2075238
0.15187141 1250482 0.090076078 809991 0.203003962 1985277
0.143597926 1352765 0.075394897 817737 0.211416707 2002933
