7.204007054 60446030 6.023145213 59622146 8.25496292 64171952
8.163348799 62871156 5.846458771 59619073 8.155769021 63780739
7.715219962 61052112 6.020414372 59575067 8.10260824 64000909
7.317722208 61325265 5.968069602 59348096 8.320207721 63839315
7.944073103 65413347 5.985568799 59591054 8.14988712 63916755
7.380811263 63246896 6.065860248 59609580 8.299587008 63950988
7.754513335 62250409 5.948471338 59517370 7.975397421 64016197
7.448646484 61047556 5.986496948 59557033 8.066965881 64007465
8.000416669 63438347 5.970812034 59709381 8.270446057 64158686
7.855612837 62052401 6.199953864 59512616 8.35156741 64128679
7.931861575 64803601 6.135981545 59668281 8.333908401 64058496
7.81368902 62036264 5.895979944 59582544 8.140955773 64026626
6.931953804 60949227 5.831899695 59400292 8.042059503 64002975
7.568573198 61742815 6.068021587 59556675 8.588904977 63905037
6.909437579 62451898 6.171645325 59461854 8.167431822 63871382
7.239375119 60755147 6.089473179 59623285 8.335033098 64235047
7.880369365 60197397 6.044276648 59570124 8.081548122 63768145
7.44696951 63952576 5.860742726 59572651 8.308870491 63919605
7.491869247 62357314 6.003885961 59469790 8.285361883 64146483
7.328401246 64063489 6.048880061 59554327 8.374140486 64145502
