38.653338986 349188037 27.372622253 281890268 56.879288668 486135603
43.627463014 387935571 28.953698539 283299982 60.58204764 488863601
48.391029623 408076039 27.637175728 282936885 57.776899849 488140879
43.913226137 393699549 27.671848671 282617047 57.118630466 488216712
54.04353695 429682439 28.585285004 283492735 59.591121229 488706430
45.701521691 396275481 27.946211463 282135408 58.252399501 487919551
48.450524875 415526309 27.648900948 281990078 57.807582814 486224835
45.345677975 384797746 28.97488049 282108282 60.476169466 485964276
47.11515307 399266783 27.509490169 281903690 58.277713899 487620219
45.350470146 397305983 28.517363598 282803269 58.110353272 487656349
45.1255157 406007310 27.681317243 282734092 57.761254507 487036590
45.810216297 371150083 28.647454415 282527726 60.792656358 488565613
37.697196796 325732816 27.793833797 281618344 58.824982637 485926232
45.813503932 396638983 27.63566283 283104967 57.91812147 487808916
45.331219655 376860166 27.509946459 281941758 57.122450248 486120517
50.18905025 414751507 27.485175869 282175910 58.727591535 486222095
43.928275205 380919930 27.818752415 282566391 57.606101212 486755607
46.393224583 382196024 27.697936722 282784630 57.636572193 487713478
43.425412288 379374262 27.509281984 283065432 57.759393679 487044818
42.987721009 369606088 27.116179981 282190855 58.01438144 486722202
