120.202609278 965237903 38.796233097 354656592 226.260764751 1700830536
140.308348213 1026414741 43.594797498 385865604 257.840399816 1848347352
120.873934631 945951855 38.310809483 351377298 224.475610151 1680519721
167.663498158 1101048063 43.181596 388644329 252.435071206 1862162868
134.509578992 902173971 40.108449321 367553371 236.616733399 1759478104
138.486137771 952427311 44.976561573 405947447 272.396035756 1961595329
107.647135714 872519066 38.759091086 354025149 229.092322321 1708392639
105.439806399 810043133 37.097854258 339341967 227.902592461 1630449620
105.899730631 855017387 39.361475801 359415106 227.38545893 1721597061
154.412310022 1205022298 46.829004972 408210570 276.873746512 1966640037
133.629778429 974248418 39.295671084 361140695 237.662049535 1759895404
108.884324007 799074771 38.38117627 348332858 237.460751322 1664522613
135.390814936 939215246 41.313790841 374003614 241.74399857 1787629702
112.066481094 892561680 40.854157233 370420419 242.186136968 1747864372
122.528704262 909095974 41.87599496 374919461 248.150876622 1808712324
109.251593711 847674707 37.68120463 341365593 231.965944488 1647963575
152.727424817 1039559311 41.168104915 370713801 245.741728221 1797090533
151.705033677 1013703845 42.54469883 375546143 248.396252045 1815860422
127.874701655 933356000 38.38567301 350075240 225.177569732 1697498902
103.138318763 864787138 37.357535207 343474812 222.418369471 1663306817
