0.002194491 0 0.002316748 0 0.002353511 0
0.002086179 0 0.002048303 0 0.002047719 0
0.002514652 0 0.002205542 0 0.002195626 0
0.00242217 0 0.00224605 0 0.002466677 0
0.00269536 0 0.002531292 0 0.002218351 0
0.002247048 0 0.002227394 0 0.002655195 0
0.002526994 0 0.002267251 0 0.002451243 0
0.002588241 0 0.002397709 0 0.002215814 0
0.002145428 0 0.002127776 0 0.00202562 0
0.002276659 0 0.00196578 0 0.002380684 0
0.002255392 0 0.002191575 0 0.002562685 0
0.002528233 0 0.002208437 0 0.002430742 0
0.002385949 0 0.002259351 0 0.002570224 0
0.002423297 0 0.002319218 0 0.002302497 0
0.002236531 0 0.004154643 0 0.003664759 0
0.002925617 0 0.002729192 0 0.002705468 0
0.002596715 0 0.002315228 0 0.002200271 0
0.00232935 0 0.001978944 0 0.002027402 0
0.002269858 0 0.002188188 0 0.002200118 0
0.002551633 0 0.002262115 0 0.002453859 0
