0.728344227 8088 0.676857915 3976 0.74919386 15234
0.74269675 12638 0.690774938 7364 0.76397738 20111
0.707588871 13653 0.718473432 7714 0.729527245 19283
0.76553795 7621 0.690439443 4670 0.725489555 11454
0.748299771 44187 0.766131707 22352 0.760818188 65175
0.7406905 11234 0.709953786 5229 0.777021389 18055
0.794432169 11575 0.717230477 6828 0.751022567 18163
0.731310924 22680 0.728070451 12603 0.736194181 32593
0.75855994 14285 0.693101726 6824 0.817674168 24715
0.72257787 15923 0.669022589 7041 0.705505442 26248
0.736585088 24433 0.69118071 13322 0.808478698 33746
0.794480517 7559 0.702873194 3746 0.734313732 11636
0.694118003 6682 0.728103078 3438 0.733033329 11692
0.771550527 9616 0.75995709 4466 0.772296455 16658
0.696173571 10293 0.771723845 5184 0.720439039 16412
0.814889683 27549 0.682563745 20781 0.776231078 32745
0.737345981 9255 0.696934813 4178 0.747422767 13292
0.843125501 9313 0.740188639 3657 0.728549529 17326
0.691676006 16504 0.660425584 7198 0.691813376 28710
0.741050335 108527 0.739222708 55852 0.811029961 152717
