135.431966923 1031610886 118.330922221 982839122 157.321042096 1057008306
145.860479871 1064227415 114.686219619 982593526 152.919014589 1056832539
130.049726205 1035844366 114.839495287 982877778 153.245727494 1056446834
138.513070803 1026080914 120.41207866 982611399 160.956406088 1053669117
148.116984445 1027179548 118.504387246 982530997 157.766457549 1055628056
139.204513744 1031667086 115.648551051 983478701 154.091705145 1056512238
132.682083791 990172890 114.90537423 982104402 152.523025082 1054782187
129.742796496 962372353 117.891053716 982443256 157.29183835 1055850995
127.739422075 990900920 116.585626326 982077270 155.411537294 1056550486
138.142486357 1062601762 114.97636113 981961094 153.01934884 1054252836
128.95232907 1027209601 114.814617878 982361838 153.841251888 1056190847
134.474379594 999592779 122.552154192 982280035 164.138996013 1057316283
141.861662195 1038959461 118.053313788 981768599 157.79003803 1055933074
143.497093232 1035995170 116.644797439 982447581 155.290435444 1056976107
137.803459016 1029629882 115.537600137 982170650 153.658951475 1053081207
144.160054038 1034152283 124.137292544 982414021 164.091526735 1053109536
132.329987144 995218681 117.003571559 982047691 155.174195421 1056910976
134.55318947 1006572386 115.942524933 982330160 154.548424906 1055103200
124.758490875 994095940 115.298248745 981790882 152.743413061 1054346856
140.82511522 1054396318 121.370082705 981907960 160.582770938 1053863801
