31.224587543 10.181647465 26.43848358
31.33986771 10.298621719 26.128000808
39.804919045 12.828830737 33.388978007
29.702301664 9.398703259 24.761906125
30.379216046 9.946216328 25.423015775
40.180678624 13.060031008 34.150593022
30.984298238 9.943540464 25.944752308
32.573352012 10.461942587 27.021385843
28.361540906 9.010185692 24.207067469
32.931960442 10.535016483 27.163416646
31.511928661 10.21327002 26.651682006
27.597783228 9.019371775 22.986015462
29.605929256 9.739455687 24.819862624
33.811810556 11.112345022 28.375718423
30.251244494 9.875182677 25.360016399
33.66274064 10.742144872 28.024446303
33.200140239 10.628234251 27.757599929
31.726461926 10.243676474 26.409045694
37.282010201 12.052540455 31.760817339
31.392367004 10.248816787 26.20087247
