3.235682335 16778670 2.036988399 10233057 4.494067079 23700081
2.949292145 14744552 1.83456422 8741997 4.197224708 21751063
3.363700033 17723873 2.270820742 10100029 4.79420832 26009257
2.3732758 10987992 1.82432228 6960282 3.401231183 15519785
3.426402601 18868568 2.193270256 10493662 4.730415641 26013457
3.960276242 22102540 2.336368845 12778062 5.979438474 33154284
2.993444168 15296241 2.098375208 9549589 4.40262742 22889646
4.7061004 28211062 2.695866567 16259325 6.751863351 39329362
5.206582857 32719624 3.012167941 18394409 7.960854627 47595949
5.557699898 33033033 3.161728583 19795282 8.290678065 49348336
4.0398961 22388499 2.501703601 13250461 5.845331962 31583860
4.02426626 22472036 2.325144983 12964274 5.882488228 33164852
4.591243115 26877402 2.587507826 15418074 6.748347057 40270383
3.693720643 19733637 2.183687022 11280818 5.157680885 28351437
5.767765713 36305781 3.167977208 19896936 8.373839902 49290042
3.876894709 21380692 2.237791198 12002932 5.267540876 28814428
2.920600239 14435796 1.982747309 8766547 4.182083351 22011372
3.771419656 21532021 2.302435032 12420412 5.57349865 32168611
3.656486297 19563473 2.382641431 12450447 5.148034391 27663101
4.072131541 22528960 2.583849826 13547260 5.716588931 31547984
