0.732462756 1862076 0.595711819 955326 0.882277396 2415198
0.546341988 281971 0.537196142 152313 0.550507283 461656
0.565531613 463481 0.493838699 293319 0.556203077 670603
0.638106908 779999 0.535219069 514676 0.697413074 1078434
0.588039245 683978 0.520767736 417528 0.610660243 953922
0.782932391 1879125 0.602832946 1087413 0.845776555 2512575
0.596051276 584826 0.533884201 334789 0.657601766 809149
0.692328535 1568918 0.647666834 944197 0.838262053 2262953
0.618967857 654894 0.489372728 387092 0.669785206 998503
0.620249166 785428 0.533032273 480156 0.676388561 1119574
0.616250117 661873 0.538411708 379101 0.653011741 992477
0.625565806 722112 0.538339114 533748 0.644307815 916617
0.574827818 260267 0.452843119 149033 0.558944033 409943
0.548573492 220401 0.461896622 149962 0.533192541 318968
0.63924721 801965 0.502075124 449439 0.656499286 1165538
0.590809571 525423 0.533632793 295307 0.681294014 854197
0.613204794 735400 0.547769097 413628 0.729132318 1191775
0.606427271 723074 0.513737092 406463 0.632469547 1056689
0.563445328 487319 0.491038696 306612 0.600951737 683380
0.91583869 2983150 0.701880953 1765459 1.08547919 4326486
