1.565119016 13475660 0.797353426 7340118 2.060014897 18660834
1.741342698 14681315 0.702996909 7450487 2.140773139 18856469
2.126050904 16768187 0.690483516 7435741 2.121912908 18893402
1.130720596 10809803 0.707930479 7359577 2.208897002 18623157
1.514166226 14043694 0.763147034 7366406 2.080384954 18595685
1.484969685 12821262 0.719244011 7499024 2.157870259 18944449
1.543844779 13419535 0.789441586 7468272 2.110490882 18961875
1.226963249 10691862 0.672927362 7326983 2.103263352 18475323
1.269814168 11865324 0.742704125 7342895 2.148173843 18633151
1.412864864 11766144 0.652167739 7102958 2.048749193 18031048
1.466393493 12680879 0.727059178 7475709 2.161743998 18908628
1.447061673 11935172 0.734764159 7199372 2.079588321 18313575
1.284851003 11799950 0.688794899 7435986 2.139675068 18840820
1.303365712 11452102 0.763375156 7220166 2.077147569 18261825
1.394891752 11503444 0.679779421 7357858 2.114290052 18619673
1.242061528 11153490 0.711250616 7349688 2.200291204 18668422
1.475203817 11873774 0.806073451 7238912 2.056276171 18472760
1.486248872 12450720 0.676220401 7410619 2.149174669 18754301
1.499682744 13661193 0.719853892 7395825 2.109232092 18697029
1.699201131 12863841 0.696470439 7469324 2.147996251 18876923
