369.568535785 324708140 439.175763446 1133922840 379.620627598 324164240
391.098481804 648004191 425.292639753 1133921505 361.797105076 324164844
387.245568384 809432100 415.752135492 1133922840 357.713959494 324164240
385.919508943 809432060 411.875684376 1133922840 357.008105876 324164240
384.54196453 567178880 441.237364631 1133922840 372.03816415 324164240
402.062414889 647894781 435.311483717 1133921505 374.544615524 324164844
393.519758107 567178880 429.127922181 1133922840 363.443421806 324164240
361.466206067 405749120 422.149827207 1133922840 360.013227126 324164240
402.071760165 567070767 452.692336737 1133921505 382.833878814 324164844
403.946725514 890364500 433.190256103 1133922840 369.125374204 324164240
414.523197166 890799678 425.748203312 1133921505 365.598720536 324164844
381.210224083 567611472 418.270177608 1133921505 359.991996841 324164844
434.23164068 809431940 457.948520548 1133922840 385.214024799 324164240
418.717452882 809543292 433.828451305 1133921505 375.076137313 324164844
395.735294688 891231825 422.735338754 1133921505 366.944466973 324164844
367.420161767 567614000 417.726348892 1133922840 358.484417862 324164240
379.727574869 324707980 456.497571313 1133922840 383.260384706 324164240
381.888931894 648219900 429.656813603 1133922840 366.761323529 324164240
376.041152124 648328600 428.696405703 1133922840 366.804283579 324164240
378.754619696 567287660 422.089850654 1133922840 361.044675289 324164240
