63.470941636 513570188 27.604037861 272731410 126.708209413 918448679
68.117115218 543059904 27.245178224 272798774 126.77437318 923436403
69.368330139 550193856 27.519476643 274462736 131.099568105 941290947
73.307318662 574362331 28.069781354 272987234 127.864447837 924455544
66.648191552 554130411 26.865763143 269970025 127.400818513 928432146
72.239878147 568399884 27.12995594 271488257 129.297397692 918310092
58.919897714 483631767 27.430561861 272055918 127.447300765 925954386
69.521915307 569825153 27.173429694 271308189 131.198940903 939725182
67.289649744 525804069 27.577268484 271811521 131.238220001 922699531
63.543148785 522016417 27.147959171 271388417 126.690217446 932899767
75.802458932 581419911 27.548197374 272945607 130.368237665 927586216
68.075764144 541079855 27.225256702 273258681 130.246189233 933547626
69.770932474 554199741 27.451430156 272833960 128.993265583 936136647
73.156587972 571703041 27.221067728 270572906 128.622445012 932191703
74.907888552 579880608 28.222385289 275352627 134.756201244 938353583
68.539100369 548483675 26.923036938 266475599 128.892166223 915150834
69.501422438 549932037 27.509438909 272603313 130.493977467 925003945
67.451520226 551048655 27.468425987 271412454 129.490001865 919466851
63.785041189 521522330 27.032811212 270531982 128.353487312 929674293
70.982873191 564134902 27.001217227 270933970 128.062962815 921657610
