0.556320918 0.113070712 0.523203939
0.475638199 0.114929588 0.450550274
0.485847657 0.107885405 0.466952019
0.461403677 0.102895017 0.439316657
0.51995723 0.116040399 0.474460135
0.562836755 0.130003347 0.531210453
0.6580342 0.140352173 0.618913492
0.456412641 0.101543153 0.431707452
0.547379119 0.125777994 0.515668087
0.522357565 0.114803313 0.489202092
0.564324686 0.122969148 0.552691538
0.526579688 0.123258597 0.498216354
0.641305853 0.141826774 0.602673047
0.620469977 0.129587741 0.542897082
0.583855218 0.133912359 0.551753496
0.514444244 0.111549177 0.476357809
0.554172407 0.10809802 0.42355155
0.491989942 0.113019535 0.46331264
0.676625389 0.146325736 0.639097046
0.451649793 0.106459086 0.424916687
