42.49394705 290990466 39.565525822 293174820 48.750150156 294177160
45.518259718 305737842 40.554742265 293705429 54.418611289 295750423
41.415233297 279557524 39.795257682 291892752 51.362393669 297683090
44.108246635 282550072 41.033499016 292987008 50.23004492 295655636
43.957892306 280460374 39.526941835 293027869 49.294672529 297595141
44.632638197 292995966 39.512903091 292560531 48.774797606 295324359
44.781234753 302172770 38.649184541 293741256 48.64119331 296590838
44.278027569 296423381 39.260150675 293087811 51.484687277 295980881
45.419147737 279707568 40.231984951 293151870 51.744573771 295577012
42.558235296 291230384 39.850495261 293659741 49.894267369 293889753
41.718373737 288213064 38.321756368 292833065 48.626866597 296197446
43.70764491 296187256 38.452362165 293122995 48.371061341 296220213
47.490076203 291817375 42.688305353 292746137 53.573650204 297339686
43.748571406 272273660 40.76635552 293294410 50.747370753 295694038
47.881615763 298468745 41.479820973 293866337 52.835276271 297057946
44.182972889 286726990 39.929260363 292675763 49.899395634 296130274
42.26993207 268182584 39.681082054 293387310 49.581187385 296096480
41.78167807 293593880 38.7639758 293006255 48.747677048 294253400
44.79027188 297944730 39.615466181 293823936 49.279722953 297570774
44.213182827 296385308 39.32653992 293389819 49.545590409 297991736
