16.77236749 5.355852129 13.850460225
16.09397907 5.096906651 13.484974417
18.319902138 5.676662785 14.971132757
15.614329872 4.718388459 11.952017985
14.228535653 4.563512721 11.823189347
16.284288587 5.147052404 13.463990192
14.36168375 4.611861623 12.203309569
18.957890719 6.035061643 15.618879676
18.008495083 5.687371074 14.898371531
13.286333386 4.232571777 11.112877372
16.501267019 5.194574195 13.782376576
18.712028883 5.867175456 15.445482125
17.078306335 5.367110033 14.067496767
15.209573256 4.817862536 12.695972249
15.014850662 4.840592808 12.667061849
15.197867078 4.847279744 12.672885685
15.703882113 5.029545816 13.246875509
15.439100569 4.900099574 13.006440456
17.812158473 5.267454684 13.950613334
15.485263347 4.955215329 13.163786913
