571.610463943 2025197119 595.650321707 2565086169 517.472870208 1116071392
528.134610328 1635549198 579.035092571 2566541707 502.49933126 1115783064
521.980609967 1618806576 579.754257375 2565187884 503.230296139 1116052150
538.601876192 1890798606 575.290034038 2566355780 498.511297599 1116063740
553.924278527 1535545981 592.468942319 2566166315 514.418300222 1115891721
560.922442466 2185221408 580.946255726 2565909508 505.372481475 1115919700
527.392861336 1749740053 578.376855077 2565804499 501.80267621 1115871458
527.044975372 1696619632 575.309420082 2565728884 497.744824388 1115989488
548.114026261 1875427273 568.182356729 2566427483 494.212116185 1115706777
546.237845873 1820578929 592.890606944 2565170879 512.637635477 1116178495
532.10264881 1618615604 580.348408778 2566334564 503.017477906 1115746536
529.231455469 1541841686 580.062023871 2565991057 501.1460729 1115925396
528.741448444 1663293333 574.844821615 2564896399 498.252288866 1116355976
573.100323544 1999937424 596.716513102 2565758144 517.076676057 1116063595
533.306023479 1706245014 579.962687227 2565253989 502.742721351 1116033367
529.149714392 1700762559 575.997155665 2565982049 499.510846071 1115853979
515.06419376 1495043105 570.739354228 2566346405 495.361046775 1115781344
567.452581108 1847259592 615.420950715 2565733366 533.225415856 1116136520
526.961851072 1491185734 583.786246054 2565772132 507.460882728 1116030745
530.190178246 1613627286 577.539986224 2565298840 501.032907339 1116038260
