2.448607686 19292017 1.133410579 12707871 3.323022522 27098818
2.290359659 20676264 1.12969564 12602723 3.385219585 26930817
2.356705873 18048488 1.138433478 12761784 2.967943946 27404841
2.343807533 20845476 1.088155078 12211269 2.801250852 25926103
2.323855661 19462845 1.156249791 12241461 2.860938963 26312441
1.979307461 17492335 1.294564486 12499888 2.922361015 26456535
2.128593778 20308484 1.228258354 12561644 2.89599323 26688042
2.209391874 20647172 1.260007612 12989576 3.027957808 27737775
2.490096393 19961078 1.23928273 12675447 2.921582406 27032997
2.365844436 20289021 1.162165734 12199969 2.857801398 26006191
2.210008603 20166356 1.221600065 12415500 2.866391242 26670210
2.327055178 19955339 1.158518194 12003714 2.7582621 25481215
2.154768745 20360501 1.276404935 12938277 2.953111568 27359042
2.113899936 18294264 1.245031565 12564770 2.910980185 26962266
2.16893574 19601917 1.252420735 12592131 2.932150967 27064532
1.934382382 17732871 1.188941 12219303 2.823053635 26152462
2.183762187 20511512 1.102494495 12121915 2.785190319 25778571
2.181720045 19420406 1.105819307 12454990 2.889909342 26680107
2.095654171 19850082 1.111125395 12333415 2.868803268 26334619
2.317586895 18787727 1.17952474 12999265 3.035257824 27603047
