1.992494818 17683909 0.922932981 9909754 2.635176216 23210613
1.944401923 16232654 0.968214493 9996795 2.630322118 23279204
2.097035624 18066420 0.99725594 9994725 2.772567992 23231895
1.804282671 15081020 0.919341821 9855281 2.625696022 23012281
2.448670595 20283988 0.900438069 10043444 2.654753667 23401123
1.902117521 15783903 1.117895887 10017797 2.674526494 23267008
1.949169859 17449118 0.940655855 9985460 2.637504354 23281974
1.715125712 13928846 0.922515473 9826726 2.631269099 22920329
1.536521621 14741866 0.990255246 9814047 2.653148808 22820370
1.995177427 17213683 0.937828485 10121017 2.735255537 23656816
2.01611402 16350118 0.967370791 10010158 2.648077617 23348128
1.925342698 15688278 0.994939864 9982546 2.656837511 23248930
1.728052353 14911416 0.903340125 9881214 2.603234136 23028276
1.977545632 17431560 1.033024898 10004882 2.668872983 23392538
1.591729437 14770011 0.971009757 9823279 2.625493359 23009486
2.19536262 17453978 0.952304763 9997680 2.638442254 23120441
1.526536904 14483162 1.08361458 9896407 2.655933484 23092223
1.685154223 15833945 0.931786866 9866089 2.61247202 23055557
1.694849108 14388451 1.043236984 9827045 2.55126675 22968835
1.618045182 14540653 0.927874195 9915147 2.661407563 23129570
