28.772586677 214346976 24.428865333 206561356 35.878559843 246370110
30.138414789 223306229 24.272421782 206243691 37.215891541 248938369
29.313590571 225288202 24.438072202 206873270 36.646885369 247748343
32.595391172 239439229 25.52488721 207988929 36.773651171 245124861
30.348126402 222850244 24.707946219 208212684 36.352659776 247768266
28.57476823 217360298 23.904624877 206838390 37.747926063 248136432
27.767293927 211414558 24.834983292 207553165 37.995407284 247200487
30.689645002 235310278 25.178495325 206658093 36.313398144 248396440
28.311749814 216607454 24.706201662 207202971 35.540710337 246402429
32.38018999 233207836 24.141380078 206697283 35.673588473 247673959
30.622412518 227719930 23.990379577 207223027 37.252628383 248541144
32.847731387 239216145 24.585067328 207462559 35.525145381 246626770
29.146281548 220391620 25.622282489 206898997 36.974790069 246054536
29.009513351 222943834 24.39657542 208110468 36.1139745 248441752
32.383085959 244909530 24.656949348 207825328 36.127818486 248268710
31.52211661 227085056 24.570723987 207830518 37.148640179 248972352
31.146811889 228529965 25.001156355 206868850 36.932976988 248291765
28.749966918 220872073 24.790761449 207244599 36.536843261 247184850
30.77844047 220301532 24.149272975 205636533 35.904479992 245904829
29.535008732 224305895 24.387484087 207795273 35.632718129 248005723
