0.016076249 6600 0.019419302 8400 0.017021156 2400
0.017608149 6000 0.013748699 8400 0.037791007 2400
0.023489164 6600 0.011993949 8400 0.013618719 2400
0.009487433 6000 0.011786231 8400 0.008426776 2400
0.008325573 3000 0.010699357 8400 0.008265653 2400
0.010295726 6600 0.009487155 8400 0.008995798 2400
0.008887358 6600 0.007781256 8400 0.009282982 2400
0.009755696 4800 0.009582232 8400 0.00884144 2400
0.010219377 6600 0.009214368 8400 0.009795377 2400
0.010210222 4800 0.009476832 8400 0.012251612 2400
0.011529108 6000 0.011963984 8400 0.010838343 2400
0.010118323 2400 0.011410854 8400 0.010199635 2400
0.010590417 6000 0.009454911 8400 0.011489986 2400
0.011903024 4800 0.010885025 8400 0.010502832 2400
0.01365221 6000 0.015199993 8400 0.013797359 2400
0.01147064 4200 0.012817333 8400 0.008574249 2400
0.009544028 4800 0.009736565 8400 0.009477738 2400
0.011023029 6600 0.009100412 8400 0.009880887 2400
0.009486946 4800 0.009503158 8400 0.012052749 2400
0.01153452 4200 0.013667662 8400 0.014419525 2400
