0.512169627 3591680 0.399124429 3865585 0.559157938 3589808
0.469485593 3682413 0.397079333 3833761 0.498451673 3508166
0.469243601 3587917 0.423963991 3876989 0.470933852 3589895
0.472673254 3813809 0.39357035 3857528 0.49074385 3619877
0.558666714 4056410 0.394166451 3846376 0.464802955 3618124
0.484845818 3842365 0.391644456 3851350 0.464349885 3633137
0.435355176 3630649 0.397008045 3839548 0.45940874 3501097
0.477071616 3834501 0.393907715 3870377 0.465618295 3623370
0.472492145 3706793 0.414180166 3848081 0.457510194 3588557
0.422124985 3685359 0.45381038 3843977 0.514309753 3666088
0.495597026 3726300 0.430482374 3844736 0.471894494 3523039
0.460795671 3724840 0.430901322 3862009 0.46143904 3633439
0.476417693 3638643 0.468090269 3854925 0.470761573 3571393
0.46302003 3417522 0.425320495 3859935 0.50601702 3591345
0.479652508 3633287 0.40626303 3859660 0.466523259 3678255
0.44417358 3708661 0.400652859 3856453 0.463931708 3623440
0.465726839 3766190 0.397453528 3857586 0.46086002 3539824
0.550982146 3718080 0.399184716 3857764 0.514684835 3575762
0.471665546 3789887 0.410045118 3855429 0.454544927 3594084
0.471750379 3798139 0.398407623 3848151 0.518338667 3607437
