1.126749621 7152793 1.125872635 9067927 0.975813243 3981960
1.114219269 6693460 1.283575286 9066423 0.970672983 3978246
1.115674443 6341877 1.145368763 9056536 0.958725421 3986937
1.188395063 6633332 1.147421603 9054989 0.947244311 3976340
1.070934705 6154238 1.156142171 9053864 0.950086907 3985814
1.100533872 6656482 1.141685999 9083110 0.96212467 3982254
1.060671617 5775758 1.258983471 9080077 0.939547334 3975795
1.141672568 7336776 1.185039429 9085484 0.940061152 3974316
1.1573249 7499480 1.260641328 9082815 1.033068742 3976490
1.064088636 5796994 1.225622997 9062901 0.946511965 3980255
1.048785732 5137045 1.191948662 9056544 0.952357079 3996651
1.088708811 6673072 1.233926192 9062098 0.967873507 3983892
1.151956088 6445466 1.320132264 9063673 0.948019286 3988447
1.118816029 6738078 1.191667304 9068445 0.995532639 3986571
1.127323326 7023501 1.245567943 9076797 0.979095804 3979321
1.163473412 6685267 1.326424434 9078233 1.005513838 3982827
1.074956236 5845100 1.218427908 9077922 0.938009875 3976446
1.144431028 6101463 1.140789163 9064631 0.953540814 3978829
1.15329054 6113458 1.136392584 9061576 0.974935545 3984445
1.531812413 6669350 1.668013156 9084625 1.571283491 3972048
