7.419317146 55695404 5.881355012 54893725 7.542123978 56888439
6.687005414 54204392 6.047728317 55221902 7.651044397 56182630
7.304797062 59039330 5.982265483 54980311 7.766690919 56254149
7.014403443 55611409 5.990777988 54989525 7.672349424 56582932
7.367415778 58619827 5.977270923 55029253 7.789099571 56958270
7.115265156 56699456 6.09982421 55208757 7.709256755 56824358
7.174798638 55729363 5.946417862 54870248 7.866472421 56814253
7.119636301 55445006 5.869975186 54626478 7.743245808 56861754
7.220137922 53412337 6.110014866 55074750 7.931564871 56517829
6.915846999 55474116 5.98023463 55122212 7.853053801 56453384
7.54308323 55940298 5.9184658 54977898 7.605356975 56085063
6.776778307 56194782 6.007839537 54913047 7.785516171 56566403
7.362183752 53694168 5.995222299 55204521 7.528952204 56125018
7.377383321 55274520 5.952517305 54844951 7.659988859 56360838
7.022123761 56158944 6.127513288 55185531 7.692605255 56186663
7.042905159 59317292 6.060149423 55294642 7.858064412 56697247
7.227533024 56913184 6.007067532 54769370 7.680417347 56680676
7.333970744 58552965 6.174012065 54728636 7.601740435 56726009
7.183323108 55991322 5.978860596 54867810 7.747821895 56516394
7.602163455 54495135 6.006945934 55114028 7.770358188 56526419
