2.24370073 20582169 1.563804779 17027825 3.129044103 29280143
2.561561446 24032202 1.505645995 17190095 3.337041999 29505003
2.496135772 22851314 1.551380954 17003812 3.047486796 29276522
2.338128303 22972028 1.615388691 17253832 3.455185463 29840386
2.892216696 25707292 1.528390104 17170268 3.120787798 29536134
2.584775178 22215659 1.59287005 17045781 3.377480312 29543374
2.484491195 24029670 1.511105399 17142151 3.123504343 29770789
2.602819662 23705593 1.565703438 17253146 3.226505477 29727723
2.494728318 23299390 1.563347012 17007081 3.397575839 29359363
2.519811022 23131057 1.547139397 17183059 3.22220469 29645693
2.584511962 24335452 1.548951748 17077047 3.184634968 29409959
2.299487814 22684882 1.497950572 17056545 3.350451417 29685180
2.597952723 22771303 1.612091123 17218448 3.218617511 29664825
3.021460946 26148467 1.514575359 17302963 3.230949847 29719168
2.884011429 24682878 1.510294037 17104493 3.187681995 29441557
2.493778459 23228054 1.54237277 17158432 3.205857151 29569998
2.773907691 24896660 1.538231684 17030956 3.179224133 29356762
2.642598208 24305778 1.50298307 17050655 3.261108877 29489186
2.565177392 23198810 1.505068617 17110434 3.190879974 29669323
2.611883419 23826236 1.6027502 17200966 3.232729663 29815450
