0.847532277 6845458 0.606236765 5328978 1.177849427 8305441
0.729598717 5717328 0.489545294 4395000 1.004831424 7142526
0.841110849 6210672 0.542955882 5082892 1.056440783 8105532
0.842503308 6678593 0.521408871 4691308 1.002837258 7519585
0.790470213 5578220 0.515815335 4637431 1.012672869 7356083
0.748592688 5858154 0.471288844 4318158 0.992133703 7184408
1.006027598 8091264 0.621746901 5537458 1.179331857 8978342
1.061235409 7457394 0.607058121 5475913 1.271734503 8700112
0.770035012 6189500 0.519859603 4379943 0.935430358 6973485
0.760040149 5740292 0.466758164 4288476 0.910920571 6976207
0.880108557 6964820 0.501912727 4388923 0.947871237 7215723
0.895455248 6788125 0.579242835 4606910 1.009038359 7314099
0.723293156 5344262 0.441550578 3893595 0.857985627 6402830
0.756436245 5981528 0.483722615 4323110 0.896328223 6935466
0.824230321 6144246 0.501354792 4413274 0.974799876 7080542
0.656610022 4920403 0.45303146 3945739 0.877428282 6672208
0.713514738 5890026 0.542510436 4667548 0.998752342 7422028
0.743533407 6003183 0.491803198 4394366 0.975493341 7190219
0.805013404 6342478 0.475926019 4259430 0.924751878 6908510
0.749055711 5871033 0.509669614 4292641 0.936624499 6952575
