8.86456016 67210504 8.100470037 67342576 11.016251143 61935881
9.138361494 61510699 8.294307686 67545176 10.731002055 61947381
9.431503894 64408359 8.834910114 67395523 10.297735392 60701756
8.883087881 60098110 8.68997386 67615409 10.263691092 61872527
9.098566378 63535059 8.573781806 67325614 9.941952082 61470675
9.82726764 67479873 9.03516309 67610711 10.637294798 61446305
8.623891552 61597941 8.406597356 67489707 9.851437211 61301258
9.162398321 64499109 8.580153491 67605021 9.723473206 61717699
9.448785513 65255033 8.449362957 67622378 10.332091654 61709969
9.225915113 62381927 8.512478374 67447526 9.851908528 62033623
9.11948875 62922059 8.233034842 67396092 10.684886605 62110979
9.565246717 63296067 8.647797035 67515885 10.510417036 61848939
9.014994121 65320071 8.547472018 67645979 10.166102117 62002844
9.073132828 64067852 8.290748498 67491957 9.745408665 61857296
8.985291184 62684473 8.390138384 67612625 10.042919715 61299693
9.20094219 63060958 8.723862354 67449054 10.270261043 62026272
9.896133052 63368106 8.39736008 67449153 10.50804294 61666175
9.290432886 66808010 8.560265105 67457409 10.822629128 61579612
9.246499335 66124272 8.658654839 67600524 10.324418646 61767502
9.659444489 64023266 8.690724588 67528238 9.94314934 61835535
