0.009631706 2200 0.014568613 2800 0.010823276 800
0.011652086 1600 0.012258204 2800 0.011347963 800
0.01220496 1000 0.016157211 2800 0.011592277 800
0.010536022 1400 0.020878139 2800 0.013706576 800
0.012015903 2000 0.011008436 2800 0.012837704 800
0.016464099 2000 0.011876436 2800 0.011486636 800
0.011521144 2000 0.015029264 2800 0.013957826 800
0.013574067 2200 0.012995773 2800 0.013098996 800
0.013166808 1400 0.011319877 2800 0.012911061 800
0.013947553 1400 0.013386435 2800 0.013313514 800
0.015881485 2200 0.012738765 2800 0.014347467 800
0.012493042 1600 0.012698157 2800 0.012719897 800
0.013937683 2600 0.012887352 2800 0.013300949 800
0.013257645 1600 0.013924134 2800 0.011871321 800
0.010698232 800 0.011186007 2800 0.010935461 800
0.01501433 2200 0.011748099 2800 0.013615576 800
0.014667578 1400 0.01132592 2800 0.013808288 800
0.01784996 2000 0.016393594 2800 0.01547009 800
0.016131645 2200 0.01963107 2800 0.011287226 800
0.011840282 2600 0.012128884 2800 0.012972598 800
