0.181022308 1756477 0.11374685 1240401 0.2127457 2033324
0.157018216 1552458 0.110248611 1246579 0.212917863 2022578
0.174258926 1700269 0.110661556 1255011 0.215697782 2055135
0.17545544 1770221 0.107081549 1225451 0.206271024 2001233
0.176868123 1787075 0.111545521 1271452 0.218746948 2105347
0.192918771 1778108 0.107429092 1224886 0.210420475 2013647
0.164101482 1661264 0.115994783 1255962 0.204943132 2094599
0.155186441 1479042 0.109126372 1224750 0.209888704 2000302
0.159704716 1630977 0.112795006 1264583 0.216012691 2054186
0.153045102 1577086 0.109990914 1216716 0.210431177 1995404
0.16149601 1598590 0.106940649 1239720 0.198706196 1992515
0.170967073 1674412 0.110374392 1243354 0.213580348 2033014
0.161130326 1615425 0.109158546 1230985 0.211995821 2028455
0.173269756 1662606 0.109311154 1263869 0.204773887 2050616
0.167812632 1587216 0.108802658 1232856 0.210459295 1999422
0.157707466 1529466 0.112909206 1261786 0.211715362 2019127
0.161818852 1590234 0.124783476 1243662 0.201883431 2046076
0.152604451 1501342 0.110598156 1242314 0.213561057 2021691
0.169722105 1630582 0.1097769 1243661 0.220931934 2015641
0.178027556 1685341 0.114222306 1237097 0.199819211 2020171
