1.031334473 4929914 0.561496526 3313438 0.690121163 5860613
0.627632813 4875200 0.347229391 3307279 0.811804104 5797538
0.637004811 5062210 0.339284311 3357845 0.653536588 5951134
0.560510659 4389768 0.433422812 3376028 0.706867962 5953728
0.512008 4478279 0.362491592 3521016 0.677953779 6047103
0.454036124 4229740 0.325752923 3367539 0.697223373 5932118
0.629983828 5106639 0.335146775 3563113 0.66481743 6216983
0.513889759 4746344 0.317558978 3283767 0.65362158 5799153
0.518816039 4424201 0.337697601 3401039 0.668911467 5920981
0.467585486 4453690 0.330061873 3400814 0.71788579 5919374
0.523971543 4967881 0.32866671 3492149 0.63929217 6018613
0.50353307 4612620 0.335748201 3382761 0.669194165 5952386
0.495839046 4392274 0.312136466 3351472 0.616660156 5856770
0.484286551 4309090 0.378373054 3500252 0.714456175 6008432
0.473941176 4377169 0.317260116 3400179 0.616888187 5792151
0.544046987 5077026 0.341555095 3482997 0.688106911 6023743
0.514906582 4737893 0.342784379 3486674 0.681036928 5988975
0.525580871 4746119 0.344573034 3513180 0.663761254 6060423
0.542682414 4942683 0.335601617 3427349 0.666440315 5898782
0.517584249 4842280 0.331615659 3546970 0.647510322 6084729
