0.757618145 0 0.679891528 0 0.731173243 0
0.733330226 0 0.618557325 0 0.71145781 0
0.748912697 0 0.647905425 0 0.700782145 0
0.750933935 0 0.727466939 0 0.749312443 0
0.670592996 0 0.661602128 0 0.700235187 0
0.716063209 0 0.645672226 0 0.724381897 0
0.715190281 0 0.676793482 0 0.722377979 0
0.751680227 0 0.731338359 0 0.752961657 0
0.703705933 0 0.678080205 0 0.672225865 0
0.734522284 0 0.716423151 0 0.690268542 0
0.743766363 0 0.679828076 0 0.709378235 0
0.7142532 0 0.621808731 0 0.73789664 0
0.74433915 0 0.631815706 0 0.683463813 0
0.701211465 0 0.665941456 0 0.666714201 0
0.708034228 0 0.656344444 0 0.74984265 0
0.684753487 0 0.672437006 0 0.727352125 0
0.759688078 0 0.668933108 0 0.683803971 0
0.744175406 0 0.663917235 0 0.725137816 0
0.715117076 0 0.658102536 0 0.746977245 0
0.706190463 0 0.754621596 0 0.815298776 0
