52.33462006 325380168 44.582598757 323107593 53.990796255 308615029
49.580297451 296612607 45.639588069 324342118 53.920627763 307762705
52.525509514 345956899 44.365268609 323083642 53.537794983 308150587
50.146766043 309331433 46.424181211 323846760 56.747933626 309405943
49.884493076 304369744 46.550387158 323790242 56.260494822 310220874
51.687000327 318430029 46.183039428 322958339 55.618786929 307424691
49.619482539 311155096 45.186077678 323522304 54.740998268 307766722
48.827822308 324589165 44.851533837 323686321 53.781915168 310345953
52.626765538 318459916 47.101609031 323941045 57.023609067 308040616
48.509759105 305021657 46.586229968 323589963 55.583185188 308975547
52.729593427 317609382 46.459134592 323069400 55.504151849 308049651
49.5275534 304476192 45.830926837 324283798 55.050548503 309383464
48.239871166 312950120 44.857222845 323613136 54.374270195 309106547
49.081374532 317362056 44.650394712 323586392 53.892952225 309568931
50.183338703 300851727 45.974523054 322707719 58.151762932 308796758
47.639767518 317047824 46.004126246 323654699 55.482931172 308980194
47.912800856 305805676 46.002050253 323457600 54.973040727 307962963
49.803521623 318976796 46.732947054 323878623 55.546013724 306783569
48.615505259 309956630 45.782748659 324069084 54.285946592 307848636
49.807205222 317371144 44.633297892 323024543 54.373684947 309687390
