167.061304009 972642429 148.834808727 1002425061 180.173672905 976880858
156.402599446 941739827 147.925257871 1003600555 181.123502985 973568090
174.855908315 951061111 148.107561841 1004005798 181.085746478 974455339
160.010366432 929854211 148.133892094 1004286931 178.86420642 973222255
156.08521853 950459856 148.479873661 1004775606 179.28944705 974327932
174.275551742 1071392466 153.284745894 1001782059 189.251031783 974778803
164.571710898 936793134 150.872942775 1003017240 182.535209623 975848500
164.266563598 967547467 151.397464789 1003502245 182.530447912 973730273
162.650920632 990129496 147.306242511 1002592617 179.144404883 978262405
166.351588266 978670290 145.61915558 998752328 177.188679906 974804673
168.027869848 951315352 155.178544195 1001086942 185.479637903 973973400
176.104808329 1031917288 148.98177694 1003045033 181.802177843 976286027
159.447819366 928628599 147.211835001 1002114948 177.588985165 973989357
160.1503721 960385728 148.175792155 1004159461 180.187651103 972707999
157.951877248 974334321 147.334307289 1004337868 177.970347041 973013767
161.916670146 936090158 153.461840618 1003501491 186.99523012 972321092
179.084240395 1017264460 154.607294845 1004442602 185.472954079 972808346
167.34685965 998460272 146.776637601 1000804582 178.716286092 976727610
156.559770144 956029908 147.573973186 1004473396 180.151463937 972250988
170.506631984 1035702249 147.588915095 1002475921 178.45131597 975449262
