8.806827634 65178434 3.975749986 34226187 13.692783378 94868025
9.368680585 68659102 4.071644339 34874615 14.552200784 98898939
9.571994464 75111131 4.697417595 41863283 15.591033339 109702555
13.667118722 104869709 6.667693905 61418497 22.516647321 157076951
9.501729925 73581194 4.519300978 39963715 14.998262273 107232218
6.360400188 48467072 3.153803091 26923187 10.989777453 76435675
11.945781409 91225555 6.252621904 56460167 21.762255439 143275935
8.420208626 63668495 4.015720702 34694851 13.709163258 93088143
9.490058094 72803880 4.422333112 39656886 14.618436943 104847031
9.352591567 70523535 4.318865378 37971060 14.822885468 106556001
9.073522976 66128279 4.116586086 35741117 14.294108139 99144506
9.767417316 73832906 4.798963467 42511801 15.060997777 103519571
9.417806658 70666977 4.447418542 38558310 15.664846896 105886049
8.312068724 59109275 3.880527014 33202628 12.676901147 85256374
9.246156734 72823333 4.313856418 38424158 14.501923313 104662007
8.28947531 62608789 3.517477679 30181120 12.597365601 87344092
8.215067495 62864285 3.894996895 33257856 13.53892076 92966543
9.533359887 71942423 4.267015331 37678153 14.841562354 100882719
7.081643777 54883071 3.58847964 30392746 12.589130148 88295159
9.823996229 73592444 4.670874643 41603842 14.935717639 104581905
