0.015322667 27984 0.013618996 20592 0.014716105 31978
0.0128223 21383 0.012556262 17659 0.01571015 26145
0.01491145 22726 0.011258153 16012 0.012656604 25606
0.010791141 10384 0.01081826 8469 0.010979004 11832
0.011968965 22097 0.012106556 18904 0.012226985 27783
0.01100697 13166 0.009595188 9504 0.012447049 16185
0.010348291 8670 0.009877686 7260 0.011224285 9218
0.012954858 14223 0.010634751 9646 0.012753766 16891
0.014852739 41303 0.013497147 33712 0.016063441 42909
0.012141041 15364 0.009959734 11906 0.011198448 18116
0.018362692 18330 0.014768446 13164 0.015579015 22209
0.014783052 35946 0.013000951 26782 0.017617161 40268
0.01226339 22677 0.011394988 16545 0.014630798 26965
0.01292685 18261 0.011853275 15497 0.014303542 24913
0.013561067 20886 0.013056755 14876 0.014289863 24382
0.013562344 21299 0.012984231 17207 0.013122198 24361
0.0142877 22890 0.012379297 18861 0.014674457 26562
0.01286839 19517 0.011514065 13866 0.014500526 23081
0.011385979 14494 0.012605087 11702 0.012073683 20198
0.012813105 10396 0.01175342 8416 0.011726745 12862
