158.330490697 1301338485 49.26564832 522937271 303.969899642 2313656523
151.492846853 1249941794 49.630668437 527321517 310.771994644 2339931078
158.084932826 1310444453 51.247374939 532708863 317.160428822 2347788716
152.820945117 1280884603 51.24719715 542548670 317.675300975 2366384909
166.440751796 1310645864 50.893996572 532073082 311.983299614 2318660791
154.566707335 1272929687 50.169858586 533813893 309.044961541 2339552389
149.630082653 1215245333 50.014076877 529284029 312.758149483 2320017442
150.359093207 1273443312 49.976270017 529939052 304.089339657 2314221681
159.342796552 1312292611 49.658990403 529012567 300.726977832 2315593283
154.218420947 1239105963 49.991594259 528314102 308.372206469 2329970654
158.42152952 1304398995 51.982449097 541179444 317.861503032 2354485881
134.207345137 1192683531 49.472039837 530015770 306.609226898 2347831885
163.35214598 1324932780 51.721355776 540361121 311.351459177 2353037126
149.099155149 1241798376 50.862405467 536910349 310.268085739 2358266254
164.690315817 1347970478 50.47146539 536274502 307.998071678 2336530029
174.667097916 1403092907 51.264455426 538679906 318.361646444 2350123822
175.84981586 1408960316 52.059884093 540425937 326.023834201 2371244179
141.445273861 1182500142 49.941117602 531893605 302.352840764 2335748464
163.498486253 1383251188 50.747040247 536821696 310.747374975 2358037323
167.166780461 1334253595 50.464792148 533543288 313.695669889 2349727704
