0.158058226 1527894 0.074700386 807506 0.203821986 1999427
0.10767194 1016673 0.061676371 646403 0.154687774 1580685
0.156127605 1514761 0.077980685 831497 0.222282604 2042092
0.149177155 1332623 0.083526277 882434 0.229010436 2176169
0.149548364 1370216 0.075330391 833925 0.195896308 2028898
0.13835159 1446418 0.081456181 840769 0.22954559 2076321
0.125862968 1187452 0.07064846 712168 0.183774638 1739586
0.130283294 1206955 0.075289959 784908 0.202280768 1908267
0.145383893 1355998 0.078229817 827495 0.208727165 2021169
0.151257157 1334503 0.074283863 776225 0.250711546 1893979
0.134779977 1230869 0.073181403 728087 0.186313825 1745328
0.157194473 1486035 0.077781504 839718 0.226225436 2075961
0.174273462 1582949 0.076352327 814915 0.204337582 1981813
0.230855018 1520034 0.084246193 898004 0.259329866 2192260
0.18122769 1485429 0.070080867 780005 0.185478063 1903481
0.152593667 1439639 0.074088635 767700 0.195730945 1849015
0.173771195 1292518 0.07759041 832302 0.203489954 2052178
0.128378971 1163878 0.078870091 815170 0.20457279 1993552
0.119980564 1123934 0.090085969 909866 0.235569361 2223541
0.239080001 1385110 0.08093088 899344 0.215242685 2216596
