4.618680689 32959306 2.654796529 21432382 6.844662925 44734559
4.71317731 33322289 2.608202722 21203413 6.913289917 45167395
5.079412841 34836875 2.802430134 22411952 7.145397142 45207874
4.674093213 32158941 2.606765728 21378076 6.824342978 43942063
4.878277794 33036238 2.630152537 21713126 6.868355331 44577474
4.521211254 31537643 2.705335291 21864947 6.784838722 43293314
4.74259164 32662381 2.730120467 21890603 6.799569708 43036526
4.801804995 32789976 2.832915884 22435106 7.196901475 45991500
4.677970681 32304935 2.655506921 21541781 6.777360741 43680103
4.914011883 34486527 2.76111037 21972011 7.118748575 45829654
4.801515502 32996200 2.826418722 22305659 7.059976937 44808705
4.658767993 33575553 2.593731549 21513885 6.990742197 45558103
4.305484543 30611049 2.648649888 21212299 6.641899316 43740515
4.810720397 33577248 2.709879744 21851700 7.060366058 45675997
4.749289773 33535204 2.696359734 21525868 6.858580212 45039872
4.482861177 31714671 2.683007394 21705290 7.111755155 45728731
4.918237915 34447554 2.774002299 22421239 7.140909479 45907319
4.577282273 32350160 2.766506684 22553070 6.826884172 44635033
4.893968246 33649227 2.60451463 21518403 6.964597067 45192351
4.668933983 33874849 2.779202632 22307636 6.827967808 45189181
