0.008866254 500 0.010413526 1400 0.010489012 400
0.008563661 1000 0.006421328 1400 0.00530939 400
0.00924775 800 0.007443274 1400 0.006191219 400
0.007226347 1000 0.008292982 1400 0.00728597 400
0.006440237 1300 0.006611856 1400 0.007399038 400
0.008951696 1100 0.007176295 1400 0.007225305 400
0.008151434 500 0.010654783 1400 0.005774461 400
0.006191403 800 0.005637387 1400 0.005356976 400
0.007302092 1100 0.006731926 1400 0.006938926 400
0.006402947 700 0.005997506 1400 0.007385202 400
0.00586361 400 0.007023357 1400 0.006514555 400
0.006886917 1000 0.006510009 1400 0.005769848 400
0.006871881 400 0.005530811 1400 0.006117025 400
0.007519228 1100 0.012197099 1400 0.007732626 400
0.00660745 1000 0.011236945 1400 0.006303728 400
0.007032275 1400 0.008690329 1400 0.011877257 400
0.014609546 1300 0.006376792 1400 0.006554799 400
0.005966492 500 0.006995006 1400 0.00752087 400
0.005265452 1000 0.006759539 1400 0.008396918 400
0.00562457 800 0.007300759 1400 0.008691663 400
