24.406450609 167306217 11.09583218 94609343 38.992656344 258459986
19.937440579 143854671 9.926987462 84156675 33.944331179 230828495
19.423915644 140929437 8.888937175 74357945 32.307658627 208395001
19.650481521 140123120 9.011048006 76322796 32.115684019 211313051
19.456153508 137853768 9.73815947 82325520 33.996918824 227394495
18.435494289 132470193 8.482035517 71722340 31.55865921 208480786
19.640899407 144208286 8.997938455 75777902 33.01116447 215128341
22.204614164 166360963 9.724415616 85098929 34.256451501 237347616
20.832935954 146055920 8.80922739 73749624 32.282429213 206528182
17.01493881 122390394 7.888515158 66551771 29.685602745 193110187
21.89353677 161288776 10.289849247 87983515 36.325291659 247891743
16.921786569 127189059 8.340429764 69931016 30.383929325 199658229
15.966078582 116586433 7.74460103 63921607 27.96133841 182973100
20.823948637 153857512 9.020339975 78440073 33.572280379 230220828
20.240260411 140322167 9.500005667 79549594 35.809456039 222529220
22.597195297 169027585 10.138514135 88307619 37.633649674 254729042
23.142054751 163691255 10.199683573 88076798 38.095036856 248018381
18.890480249 135254625 9.12404585 76573571 31.578447397 203229029
20.338621234 153588683 10.137866009 87571365 35.910600658 245655304
20.669939865 149230391 9.676246704 83520699 33.613421335 228513869
