87.011912117 717066822 27.258781549 282268320 172.298537102 1341412573
73.255720445 629262152 27.138269905 278127284 169.720777239 1319072593
77.023004914 634492382 26.665867718 278746548 166.381122083 1317984417
85.40064388 753038595 27.835818007 286867766 172.759975542 1347941220
76.037181546 671197592 26.780890866 278230457 168.98249613 1321546170
97.32169856 838026274 28.354603107 290052789 178.712154853 1363341429
79.545361568 682174425 27.368239148 280992125 171.16521675 1320650247
86.559721802 716781975 28.046615571 284912696 173.203139355 1347291598
89.179736674 741517701 27.681058814 281366171 169.565522072 1332911264
89.18136252 737097433 27.3603935 280965172 169.391206111 1333747987
77.759932005 670585658 27.29647286 281201397 172.172863828 1332312241
83.906662639 703746016 26.991740256 278768135 169.875200948 1326372399
86.991826892 711782050 26.775793186 277348420 170.509650805 1321677132
83.476274696 720941180 27.408951833 281538411 173.003013284 1326871248
85.24866636 704996679 27.166182475 277637691 167.829413887 1318329737
85.231591966 724568055 26.896048008 278066907 167.480409217 1316904942
78.12013341 692221925 26.972477574 277572071 166.867174917 1314326279
91.425990964 734157771 27.788646924 283682760 175.221458885 1341547798
81.332936098 708804658 27.701772622 284023756 176.953476129 1341572928
80.385567686 663528649 27.594172812 279452748 171.552805659 1319469552
