51.619560995 419605729 22.545733335 221589742 91.171835278 675511610
56.283221815 439827218 24.529892049 236519314 96.076129246 700815087
56.282684887 454305742 24.59686279 236633373 97.988128456 719331138
46.804862479 395829507 23.160925364 224960301 93.085854098 701727527
56.998444702 466825483 25.411864724 241735759 99.077167836 729641502
54.034771215 432863661 24.366796599 232676855 96.260985237 698952754
55.482499042 462319089 24.540234074 234684004 96.713803918 714596714
55.245763089 423597303 25.313880086 237237617 98.70379253 711865959
56.470206156 459268666 24.870760054 237948701 96.669504655 708543633
58.353797955 460376001 24.48924403 236426581 94.750936655 704303068
55.717114542 448686743 23.241633026 225508647 94.922163136 685158173
52.40958911 434228858 23.771073653 230891930 93.912072077 695041522
58.166494707 462738186 24.224013743 231952881 96.484528842 708634500
54.864873826 447579418 24.044125782 233692881 95.248496047 711401504
55.174571173 452921896 24.751932435 238109236 95.022916909 703608523
53.614409839 439131218 24.286972348 231247275 94.323366023 693050790
52.493656987 430577764 24.711453061 238249307 96.411982834 711450493
59.070522127 478906269 24.254500548 235395312 97.040216694 718928799
53.65210522 440452036 23.450312483 229042913 92.784965821 692176239
55.697053388 458185513 24.699830249 238652638 97.224403842 724467995
