10.048355195 69103007 7.011128401 63228002 12.783989289 73903260
10.085188472 69410324 7.06783308 63304517 12.440701018 71949428
10.099105768 68701139 7.264461639 63368459 12.437902743 72160077
9.821752743 67970898 7.018680053 63245479 12.554786539 73109764
10.093869823 68412464 7.131029726 63366541 12.703498121 73324444
9.996337705 68394451 7.034323578 63323128 12.627765035 73108347
10.253463525 68784002 7.068742741 63548191 12.645196064 73213148
9.961774142 68339562 7.053574958 63103326 12.650714706 73466157
10.08834393 68938246 7.112001816 63525539 12.456680977 72526110
10.254494796 69161687 7.032120163 63211815 12.736201488 73068609
10.181501712 68607299 7.096245243 63510346 12.792564488 73442930
10.039876254 68358552 6.994168726 62951373 12.459324383 71734276
9.777934807 66436015 7.1465186 63263226 12.403422877 71138056
9.870069958 68665704 7.111656341 63343850 12.536293021 72171790
10.060854835 68484709 7.027552132 63151635 12.707407407 72503145
9.954243728 69065921 7.166337122 63447783 12.670364341 73257137
10.290063251 68748060 7.034264221 63237700 12.593918416 72351594
9.613317817 67664532 7.091906101 63220276 12.398833165 72597986
10.039221357 68816612 7.121209354 63239935 12.439566888 73081691
10.229620652 69131964 7.089123054 63341426 12.751703427 73422518
