0.051733811 324031 0.039041743 254080 0.066057735 365847
0.071670823 392381 0.053658638 272189 0.061915815 421862
0.040902444 244910 0.034159226 215036 0.051492811 302070
0.041511214 253381 0.031246104 190443 0.049122047 285707
0.030705207 171981 0.025322876 129539 0.034531701 200660
0.035021483 205496 0.028007664 156036 0.038600675 214184
0.039199423 210860 0.025500418 144736 0.039229357 222920
0.047123231 301096 0.033784484 215874 0.052431696 319778
0.048676795 297014 0.039291717 244686 0.054483578 314247
0.034510905 187247 0.029285005 152443 0.048563773 239210
0.034115723 184817 0.029436313 152174 0.041134554 236775
0.040823252 225538 0.03066812 174252 0.052405744 258982
0.036843714 194155 0.031051139 159066 0.042880162 229071
0.039675955 206104 0.031086931 168694 0.043953356 231458
0.044742551 263639 0.035601036 209413 0.052874801 310509
0.039292549 213449 0.029608025 170891 0.039787073 252778
0.029840083 166325 0.024594615 125584 0.036184027 197001
0.049836156 308134 0.03822568 228125 0.054933771 360844
0.039407486 194483 0.024682892 143078 0.037620545 211713
0.042723062 283931 0.03407642 228132 0.054847108 348879
