30.44995654 241318124 19.063182919 185856556 38.763037557 315668212
29.57027842 230570560 18.902599602 183268002 39.307158193 313974155
30.995662488 253158159 18.398629043 181667603 38.502192383 310636493
28.10618499 240173064 18.840731733 182834492 38.945706962 312850550
29.589855346 244494163 18.384005369 182229934 38.455503878 313020801
28.738323411 245962404 18.405689862 180928164 38.369988814 311277252
25.097208269 215391968 18.405923334 178115310 37.9079662 308368670
27.684663386 241813824 18.495210867 181984624 39.018690943 311730148
30.991618056 249142213 19.156228442 182899967 38.79264065 312217421
29.529182077 241750904 18.253797535 180827964 37.878212107 308692568
28.959941099 240757582 18.929984702 183861395 39.023618566 313589957
26.666144417 225718840 18.691675496 183286270 38.85454308 311478071
30.269550946 236331901 18.900829245 183807831 39.314072216 312367209
31.536817352 243895552 19.020911391 184943325 39.455609116 314157827
30.767094376 258975103 19.003618364 185500315 39.642964221 315952119
30.989271116 252518500 18.808772462 181987374 39.207223972 314289941
31.51203888 238945647 19.414748927 187094649 39.41895607 317752139
30.244921944 248863892 18.111328484 181487925 38.048878822 311211172
29.905396862 245264212 18.79420601 183644836 39.104969717 314512500
33.528480611 271587251 18.998356459 181556158 38.49741853 311050893
