0.998506602 0.208293305 0.919042529
0.911886157 0.172414858 0.720894875
1.083705379 0.255365745 1.002264765
0.777342439 0.159653556 0.692082831
0.959722309 0.176867423 0.748966102
0.796998265 0.164658868 0.6814245
0.986757364 0.211934792 1.165945983
0.801279176 0.170302779 0.733973934
0.934841965 0.239937648 0.787442455
1.093487282 0.217178345 1.197443816
1.02701587 0.202914608 0.884609117
0.948164011 0.181253764 0.764751336
0.837995683 0.176296394 0.797158102
0.981911596 0.175672514 0.731113074
0.835722782 0.171293643 0.786687698
0.802294998 0.169633758 0.70972167
0.944400577 0.191472183 0.897865569
0.73914153 0.171617113 0.710488908
0.907497484 0.182223867 0.844214405
0.883082067 0.191082812 0.847164527
