176.894551279 1019705556 167.480924924 1076269791 195.046661428 1000840503
178.984048337 1082324858 170.58821521 1075399184 204.936378225 1005681014
180.015743969 1039631820 173.355024166 1076762436 201.809324222 1002327994
177.827961849 954365070 168.400104297 1076866366 196.597824368 1001255469
199.042501147 1122042188 165.197016134 1074916822 194.018784744 1003351919
184.887523441 1046901141 165.496153489 1073887659 193.742845449 1004989302
177.934077885 992533574 164.793041154 1074012713 192.619144062 1003088349
183.705550907 1006931589 174.211010921 1075998911 204.179480705 1001600271
182.581203594 1031891574 172.150611794 1076905169 202.200707198 1002335746
182.091519624 1066391416 167.738835284 1076565803 196.310778302 1003623086
187.021759329 1107935484 166.710819933 1077099051 194.423517655 1002914234
181.691433123 1045103228 166.041077724 1075254652 193.663555457 1004133164
170.180139717 914449094 165.747420562 1074824032 194.410981512 1002106668
184.014848601 1038048709 173.558833007 1076433703 205.383760856 1003557039
179.162439865 993232895 171.645505157 1074468875 201.298815038 1000067754
179.914470271 970867195 169.511085609 1076911063 198.433020345 1003153375
166.010657216 955729400 166.730254297 1077550764 196.870182537 1003027757
177.874430947 1007963512 166.991096231 1075943042 197.529753939 1002997113
173.913411564 981741912 166.643664932 1075410778 195.623514416 1002671760
187.72316399 1063331454 173.251030729 1076010344 201.392556333 1002688692
