0.009507548 1158 0.0087572 849 0.007866442 1438
0.009856665 376 0.008888441 220 0.011525665 495
0.009833458 1044 0.009771391 896 0.010263692 1243
0.008703653 439 0.008690308 351 0.009835914 620
0.008700873 878 0.009935842 784 0.009626275 893
0.009675939 223 0.008915597 169 0.010725359 298
0.008951278 182 0.010434705 171 0.011276598 178
0.00946534 484 0.00946014 298 0.00897355 540
0.008702712 598 0.00845718 350 0.009383266 711
0.009416105 508 0.009916993 339 0.009704828 561
0.010635803 1864 0.010452804 1698 0.010878146 2143
0.011354092 584 0.010371911 384 0.0104786 692
0.010174055 584 0.010391644 438 0.009771188 760
0.010204452 140 0.010879508 124 0.010297264 167
0.009478306 1336 0.011141737 994 0.00873157 1525
0.009473735 623 0.010587252 539 0.011001093 687
0.010068448 170 0.009026282 107 0.008988541 213
0.010717236 823 0.010268276 622 0.009834563 971
0.009500333 266 0.009841132 176 0.010694777 335
0.010865606 336 0.009557612 293 0.00927336 318
