0.75971951 925 0.721901504 370 0.729840748 1623
0.783936935 289 0.672989304 92 0.743449474 572
0.748937094 50 0.688007296 19 0.718998795 112
0.710517311 29 0.767987175 16 0.758036803 58
0.690082881 1060 0.710418647 518 0.816318572 1705
0.70379139 61 0.727798377 133 0.77357839 24
0.857724811 0 0.659116177 0 0.772057656 0
0.767496581 51 0.712503118 19 0.832039932 112
0.78706275 321 0.775078422 246 0.754974778 375
0.780727543 67 0.788637534 94 0.720193957 25
0.735772931 52 0.754363761 18 0.776247964 116
0.763394947 0 0.652574259 0 0.793700747 0
0.737608918 0 0.787799486 0 0.739798182 0
0.705640668 37 0.755723909 16 0.758638789 58
0.773325561 44 0.720697176 34 0.747692305 48
0.688782254 282 0.668264357 274 0.761456746 275
0.816130126 47 0.707542796 16 0.695811 58
0.777212191 35 0.749602675 47 0.771988534 19
0.77740899 0 0.71950376 0 0.77634584 0
0.741099799 0 0.693445759 0 0.764876469 0
