41.938778005 13.374864371 34.669615382
43.252527262 13.755822362 35.181274456
45.214458451 13.967205465 36.518683113
52.321745016 15.33954925 39.341455986
42.675556766 13.223369874 34.781065456
43.537363222 13.588505949 35.892150363
48.300101248 14.777952456 40.025926189
44.473916389 14.212863398 37.125812229
54.766982158 17.55890054 45.674468072
40.83589283 12.536076843 33.413098489
42.693830969 12.951057326 35.84988281
39.336111625 12.362169681 32.989218413
47.777359196 15.366621893 39.843388863
49.350843079 15.499030283 40.639089722
55.282792234 17.731216259 45.642008209
39.405080408 12.072786468 32.075465288
51.135075662 15.725963546 41.902568407
46.590570901 14.567735761 39.032318815
56.383052413 18.190246579 46.487821274
53.121334568 16.729570589 43.36450872
