11.516652865 79227984 10.024156554 88861687 11.164593787 71745736
10.896280846 80630992 10.126749746 89019650 10.94488692 71985718
10.418701906 79573497 9.919138475 88957693 10.871162675 71841866
10.571405842 80359263 10.169142948 88790397 11.084579701 71589808
10.42459146 78292979 10.213424326 88837059 10.954595891 71495379
10.402458411 80539542 10.169573471 88882569 11.172254982 71714629
10.788186219 83523023 10.030241726 88878600 10.859042082 71780159
10.416071297 78113061 9.84778201 88895703 11.296948891 71729597
10.32459783 76148448 10.020125737 88930324 11.177356295 71705525
11.658803387 86911590 10.109809818 88760938 11.860460222 71375819
11.073611126 84592928 10.483668846 88853750 11.67178925 71623582
10.568845453 76509890 10.129573919 88731076 11.849482016 71638115
11.023666826 80797337 10.746104236 88793396 12.133299017 71611381
10.988134591 82947092 10.613044957 88859627 12.349104579 71714517
11.106742642 79673087 10.500110204 88872498 11.702359851 71727493
10.857920618 80913548 10.610110516 88804258 11.168901685 71756887
11.42466049 80502011 10.912426008 88874777 12.564040306 71821707
11.071407349 76169443 11.349137624 88767771 12.922401483 71438711
11.509408732 79773865 10.586117581 88904817 11.854125326 71730085
11.183438679 77917197 10.412542651 88844329 11.22721746 71726268
