0.334917256 2911559 0.288062894 2841886 0.365688256 3101733
0.351263946 2969554 0.280616566 2869559 0.366005497 3088215
0.358491385 3070115 0.278019912 2858729 0.378701779 3170364
0.408258253 3075563 0.29185811 2866352 0.378633839 3152865
0.361741344 3053369 0.374233352 2870082 0.378550783 3138329
0.362089771 2899239 0.301955509 2865648 0.367085618 3108521
0.368827386 3144001 0.295214326 2922071 0.381303416 3226801
0.370128675 2984262 0.286522822 2902880 0.368143332 3078632
0.346483954 3185247 0.274923765 2862335 0.365777317 3085404
0.332217859 2863641 0.294611188 2872566 0.368839591 3129339
0.360745883 3016014 0.276115628 2856432 0.408763863 3116226
0.35739419 2961446 0.298825942 2888166 0.382632001 3230939
0.363170811 3141104 0.280338849 2857900 0.372985305 3143610
0.371269081 3021259 0.279488094 2881936 0.370143224 3127755
0.35898649 3032107 0.279439824 2872140 0.371563087 3158357
0.341813481 2934139 0.28073558 2904693 0.459693969 3260525
0.381438496 3075802 0.290016448 2859598 0.380963163 3197128
0.360849733 2883683 0.284133019 2858591 0.364701603 3123391
0.356426397 2969709 0.277835517 2866291 0.377348476 3178205
0.359872207 2961986 0.300876621 2882394 0.371606345 3096967
