42.297120431 323218281 14.801792166 145895986 78.656456192 572872218
38.621911221 320726769 14.798731904 147654908 76.275503886 565683168
41.130552808 330589291 14.706991017 147915355 77.616347493 573094397
43.473526123 345892411 14.696859126 145944772 76.667346992 567391217
38.380167649 312623250 14.906684963 147953181 78.71201751 572802845
43.392547496 339607332 14.90401028 148819159 80.059095349 578325652
45.526400123 356032584 15.220442834 149800153 79.788728658 575937008
40.607330647 334375667 14.736590677 147896511 76.336622331 577272915
42.944179007 343947189 15.028872633 148004614 81.203239323 579313904
38.35310344 325107278 14.547937202 145049697 78.65547433 571439820
37.290626036 299829716 14.679957297 147848628 78.038166938 579192499
39.542962288 326190711 14.819813211 149311109 77.061416643 578874762
41.559999831 338290917 15.042571445 147316080 81.321818181 577214806
40.549379016 310531743 14.632523922 145734386 80.199130275 571302757
40.345675559 327478201 15.155812869 150349175 79.186145601 578494077
42.293231743 340285552 14.852857411 147800969 76.333012063 571115656
40.031350143 328849243 15.137201732 150365357 79.424517268 573724468
44.757681693 343213130 14.883912285 147124500 79.947344187 567764287
42.550219622 335073957 14.773328248 148195848 77.903834863 581545453
41.395331144 343526692 14.545664302 146147440 76.673163326 564212241
