19.994877152 163821781 7.029580515 67785449 39.118416002 297908487
21.645551263 176198053 7.282844904 71015549 41.325148818 311944245
19.95592887 165670281 6.943708543 68377820 38.264041452 302881622
19.993208751 161909035 6.861858689 68214703 37.943672472 300033638
21.831645626 176222145 7.005601569 68366360 38.822146436 295143341
18.732806709 152842054 7.160367813 67695936 39.326230733 295484506
20.705429743 164547086 7.033512743 69303950 37.891180915 298991185
19.702426827 162990560 6.810166839 67510211 37.688854681 295165432
19.745466026 164726677 6.864000454 67071317 38.096968467 293565057
20.198000496 173330800 7.061858016 68455672 39.588168205 301627893
19.003470812 163541421 6.963484036 67613783 37.743453483 296798303
19.596041308 161923741 6.971831111 68531946 38.688781268 299983343
18.851825353 158706182 7.057271416 68556978 39.397217192 301950587
20.231719769 165822452 7.094810631 68912856 39.653577908 300024830
19.1165208 160692989 6.861873871 67838942 37.672609347 294255980
21.180481589 175071602 6.9577805 68480643 38.223881669 298344217
20.478975289 166467501 6.822991035 67407310 39.158673307 297467613
20.122828808 159473676 6.987936252 68529057 39.873051694 303027620
20.572730675 168341427 6.959908992 69286726 38.587409417 303275759
19.840329484 165944715 7.096320519 69281527 39.262406461 301018981
