1.293561406 9870600 0.820460918 7624104 1.668187262 12599973
1.989907313 14698104 1.060086615 10019033 2.063190333 16053279
1.487164367 11942490 1.083161689 9401998 2.018931388 15208858
1.40405299 10914897 0.834474394 7629727 1.79602836 12521235
1.469620857 11548235 1.018741288 8818106 1.9540006 14454893
1.421961298 11693248 0.882735734 8431077 1.762581533 13667624
1.27752312 10958582 0.985671461 8628610 1.813625666 13713472
1.534774775 11610640 0.966213952 8811509 1.951117761 14292401
1.500825882 12238176 0.903546874 8520990 1.819370102 13938490
1.492331302 11402706 0.950422239 8783010 1.870998646 14169332
1.55002785 12686552 1.067028888 9551795 2.090083255 15825165
1.38852373 11013952 0.943824691 8358055 1.826861556 13706910
1.211755543 9634660 0.91039697 7915734 1.788079273 12893881
1.64068504 12711077 0.898445585 8452715 2.001794131 13802574
1.535170167 11243961 0.872087681 8007386 1.871797868 13422291
1.726266664 14714758 1.189846398 10712426 2.170282077 16873718
1.598880836 12824684 0.925774714 8658984 1.858846688 14098196
1.72268817 12538846 1.140979033 9641314 1.960051967 15264986
1.445674439 11733125 0.891861096 8443881 1.754882777 13635419
1.422486248 11917772 0.895880584 8563858 1.822483267 14052818
