0.074435536 451612 0.043883976 318418 0.06955397 483796
0.08529608 596892 0.055379746 429637 0.095191066 661148
0.041673642 271527 0.034452701 231609 0.050446601 321504
0.065682103 484562 0.057224945 458433 0.091037601 637680
0.095401961 653482 0.075786179 551396 0.111331796 778353
0.076706075 566739 0.055612454 416585 0.08957006 632175
0.049035207 335499 0.034126885 271159 0.057751574 418710
0.06391435 432933 0.048801675 378123 0.075547787 527374
0.061813548 427440 0.049338634 344230 0.074806931 507346
0.049677238 342152 0.042441618 300184 0.06334732 411096
0.072269071 524668 0.057636189 445256 0.091288213 620032
0.070419357 528570 0.053260527 390954 0.084827745 611008
0.082571487 596976 0.061975323 489858 0.102185748 745347
0.053670799 370077 0.041290612 291149 0.063283501 413045
0.047233285 331089 0.034483724 243413 0.056307647 384242
0.074941866 548834 0.054912386 431966 0.094837792 669811
0.049123425 347555 0.039789797 277030 0.062987663 399099
0.047202225 301691 0.031446202 234377 0.049480244 359076
0.11797521 821564 0.090194421 677269 0.13260528 1009208
0.07598803 536964 0.055609287 445026 0.088309911 627096
