0.928408481 8731840 0.519778024 5904233 1.172729549 11283264
1.187148749 9579244 0.579592475 6090339 1.269534673 11570090
1.242632576 10476062 0.629743027 6524459 1.403312579 12446119
1.09231231 9525320 0.584529393 6111902 1.362201959 11900863
1.158332834 9465713 0.611502642 6316899 1.427008228 12015539
0.837936525 7876331 0.580610294 6114613 1.319807926 11831370
0.937314571 8530899 0.529142675 6070377 1.221265759 11619796
1.027369642 9157672 0.518551185 6006301 1.290707007 11558399
0.962400355 7774472 0.563794834 5874180 1.162708607 11283799
1.071634668 8279356 0.577611587 6039616 1.255514466 11583542
1.109999343 9311938 0.608066894 6274972 1.374509998 11953894
1.107197489 8799922 0.558232803 5818754 1.441731266 11205313
0.797933755 7204987 0.58397792 6028680 1.286211255 11605285
1.072063749 9106575 0.545411919 6308992 1.286313582 12052059
0.952119304 7884662 0.57208742 6060133 1.257247749 11686840
0.963414661 7903798 0.575170314 5883693 1.199568075 11189285
1.123542156 9144313 0.572365274 6003532 1.314514192 11524943
1.184342009 9267267 0.578807842 6096806 1.401518824 11754377
1.00830664 9422997 0.582086504 6347306 1.378561076 12018121
0.931110409 8088590 0.536701369 6033015 1.260478294 11516571
