132.191372984 1066028032 40.906468121 418625208 302.88307086 2159560720
158.905361325 1241432668 41.609555191 421222463 309.247817251 2160079327
242.042638938 1145338950 41.627795329 422302862 296.939643001 2169837734
145.440417905 1146103130 43.020344437 424025002 312.661568233 2184228349
133.422808189 1062672234 40.617639465 420727419 305.658813369 2175061342
131.477851166 1011396973 40.996641018 414475988 298.354494727 2140485356
119.042500628 960722954 40.876266143 418154348 310.267212075 2159119650
160.593508862 1279422075 42.003395996 433035904 294.626898451 2221993596
151.251670055 1129080985 41.503761673 405494946 294.972312502 2105814804
136.41023033 1094931153 42.379525094 431019227 295.722121956 2225228273
132.34336932 1007498563 41.82048603 419169678 308.993625589 2161889618
136.937165723 1134651283 39.870171792 415453113 293.563525932 2137961787
120.663590928 952265585 41.17449947 417339686 304.152809575 2140956680
119.969896957 1036790528 40.178484875 418542648 301.200801468 2174822861
153.748106622 1141183913 41.588881529 421631021 309.990284097 2174792578
141.510294038 1130281808 40.48413709 419050830 300.477176578 2160051256
147.762069953 1135998745 41.233782236 418490752 300.390437093 2160180055
145.157174197 1064659041 41.363117815 415984374 301.822375322 2151099571
133.841281739 1092877507 40.045925299 416161513 297.684142579 2146269946
140.200260039 1107851117 40.821616751 417128746 307.540015552 2145858053
