0.002956176 4271 0.003714994 3604 0.003248049 5997
0.002868871 2180 0.00247842 1448 0.004006662 2660
0.003651132 9058 0.003646604 6581 0.004084336 11649
0.004745663 19812 0.003770651 14945 0.004821422 20373
0.002999166 3656 0.002473267 2332 0.002875309 4116
0.003553416 5746 0.002761706 4230 0.003836414 6254
0.003555296 8364 0.003527119 7941 0.003352566 8822
0.003473776 6843 0.002987236 5402 0.003823935 9009
0.003188332 4687 0.002809432 3527 0.003255119 5133
0.002886706 928 0.002241839 778 0.002920683 1073
0.00319987 6632 0.003317062 6341 0.003780572 7118
0.002957329 2104 0.002652447 2192 0.003495942 2558
0.003923079 8520 0.005059572 7327 0.003966867 9883
0.00288605 1761 0.002431892 1316 0.002924879 1943
0.002577591 1413 0.002623597 1253 0.002941448 1586
0.002501728 1895 0.002570804 1433 0.002847703 2668
0.002978775 4865 0.003114355 4601 0.003049064 3940
0.003132442 5073 0.002760311 3807 0.004182461 5734
0.002918985 2794 0.00288254 2080 0.002927987 2941
0.003009328 4818 0.003173503 4573 0.00340291 5296
