1.578229933 13213510 1.12000486 10174445 2.109812649 16709425
2.112059925 15545683 1.301739257 11073473 2.275535179 18212626
2.097240786 14895074 1.514722962 10469708 2.974104542 16756668
3.24912023 17322818 1.758967598 13076323 2.877856869 20056778
1.723376896 14441232 1.184792865 11525288 2.250640488 18073009
1.645954727 14217980 1.161491136 10518877 2.280714284 16849794
1.781712204 14088208 1.119657249 10823531 2.375013968 17430571
2.215064768 16398330 1.295821134 11751655 2.356838255 18680957
1.815114376 14418364 1.052826899 10213982 2.075581017 16645024
2.139625463 16599704 1.24598144 11193182 2.354117428 17938531
1.860929797 15199497 1.092844403 10620346 2.328317919 17137555
1.853690229 15595098 1.156439342 10844962 2.209161574 17719270
1.723415897 13316367 1.176422751 11384033 2.248466882 18104766
1.397443599 11724311 1.158011661 10213451 2.115707343 16413386
1.877730708 15286792 1.213367367 11682651 2.363559651 18574864
2.123096993 15487703 1.375074077 12371112 2.379345316 18685609
1.939904263 15362688 1.279856321 11873859 2.586098411 18693059
2.284637022 17875058 1.267530258 12387296 2.536926691 19640580
1.809884519 15219077 1.365366092 12301395 2.429944029 19008975
1.742415672 14980200 1.12325319 10845611 2.178357098 17156825
