0.004300647 650 0.003506915 594 0.002918623 740
0.0030317 2426 0.002458201 1815 0.003380327 2958
0.002445514 0 0.002232303 0 0.002481617 0
0.003563588 1913 0.002690836 1303 0.002707552 2097
0.002528899 234 0.002022887 174 0.002229721 376
0.002445728 484 0.002083212 483 0.002601939 674
0.002196599 668 0.002392358 786 0.002203012 706
0.002834834 1386 0.002300892 992 0.002598746 1834
0.002854879 3600 0.002506357 3049 0.002961189 3971
0.002593233 660 0.002158403 406 0.002756238 930
0.003087773 498 0.002609859 408 0.002793245 486
0.002329638 310 0.002468455 200 0.004833558 470
0.003733086 804 0.003081742 618 0.003244583 923
0.002517003 548 0.00225744 427 0.002556485 561
0.002795153 968 0.002323643 691 0.002777713 1231
0.002219371 440 0.002107276 371 0.002837708 645
0.002587449 608 0.002217651 428 0.002395023 776
0.002617585 277 0.002148216 151 0.002611632 356
0.002593698 602 0.002423268 427 0.002404025 737
0.002239911 308 0.002224356 180 0.003304982 445
