0.069522579 384 0.035662631 672 0.03306131 192
0.022840985 480 0.029185201 672 0.005825531 192
0.006178818 528 0.006416474 672 0.006047177 192
0.006758215 480 0.022896386 672 0.007813289 192
0.008154186 528 0.003870971 672 0.004382459 192
0.01358072 336 0.005603481 672 0.006700846 192
0.003676007 480 0.00274043 672 0.002928233 192
0.004622165 528 0.005948226 672 0.003546644 192
0.003223621 528 0.003894099 672 0.004580955 192
0.003048499 384 0.004730618 672 0.002597736 192
0.003448711 480 0.003860484 672 0.005067317 192
0.004030393 240 0.003007545 672 0.002750481 192
0.00289734 384 0.003171588 672 0.002642574 192
0.004448909 192 0.004803246 672 0.004666079 192
0.005684107 528 0.005170178 672 0.004879297 192
0.005963291 336 0.00514559 672 0.003685794 192
0.00459477 384 0.003974987 672 0.004505139 192
0.004371811 336 0.003463353 672 0.004885246 192
0.003216785 624 0.003286622 672 0.004216895 192
0.004240406 384 0.003789112 672 0.007096813 192
