3.971164451 1.290717322 3.756121115
3.590078645 1.164886609 3.368478022
3.902459745 1.122500789 3.257578137
3.307448877 1.041512824 2.862725713
4.415704974 1.288056993 3.730358157
3.819834577 1.214034544 3.528070452
3.210795974 1.02829835 2.910537882
3.802546333 1.234078889 3.602214993
3.845810717 1.230183483 3.50331867
3.44312008 1.099264062 3.117516068
3.131241518 0.995975805 2.804883699
3.479596892 1.122809082 3.221591232
3.036412773 0.961773949 2.736986238
3.398108059 1.062465509 3.105489946
3.164255089 0.988782237 2.809452968
3.342436561 1.041949217 3.142916043
4.086988427 1.274943548 3.804270196
3.523405611 1.10448468 3.18399357
3.153547928 1.000795778 2.817122895
4.131968439 1.28925959 3.842682799
