0.506187706 0.084634432 0.334722165
0.372247407 0.087536537 0.337088203
0.329516347 0.07765802 0.308384021
0.39457929 0.089653205 0.364445969
0.37309606 0.081830912 0.334885884
0.424665971 0.09951634 0.377061364
0.317518437 0.075947873 0.294227919
0.359819065 0.077509953 0.331279443
0.360467531 0.08594991 0.332043662
0.367064735 0.087784716 0.333545593
0.361940677 0.088445013 0.340986054
0.43626186 0.096027618 0.398237596
0.370281675 0.085717659 0.34462231
0.369827022 0.089821725 0.349384369
0.364938352 0.083723347 0.340570711
0.372316897 0.084084068 0.336699875
0.373101915 0.085368431 0.317316338
0.444282544 0.106540947 0.420878486
0.337783131 0.076833302 0.310552303
0.444858878 0.097443685 0.365795249
