0.480432851 0.089745236 0.224381755
0.215354626 0.043629424 0.214251218
0.146215234 0.027986222 0.12029055
0.126626547 0.025952693 0.111506957
0.183782592 0.041189229 0.181702851
0.138076294 0.026997385 0.099763376
0.113566494 0.025920828 0.128248348
0.148854088 0.029664847 0.123605276
0.108437194 0.024532074 0.115104135
0.154910398 0.032531383 0.197838379
0.122811307 0.029047328 0.110863624
0.120317239 0.026862042 0.113263179
0.109477381 0.025852065 0.100704657
0.136639189 0.031778556 0.127970575
0.140003997 0.024751531 0.129618724
0.140277613 0.024884612 0.08779026
0.122356657 0.02892323 0.114990175
0.113546719 0.025712298 0.102280479
0.14218109 0.033310818 0.134794784
0.122359511 0.028932597 0.088481646
