2.399546259 17443207 1.376118468 11104615 3.906719471 25840143
3.418800259 23005329 2.119931319 17245145 4.846359592 30561282
2.795109477 19437836 1.532641054 12344130 4.17732708 27511106
2.30330265 16278529 1.359681423 10753732 3.625635581 24161736
2.850413925 20034655 1.662196946 13202736 4.285435082 27539913
2.551314152 17466548 1.378266946 10897625 3.830183294 25508549
2.919390877 19418798 1.507846822 12201447 4.17095401 26591861
2.96349221 20711881 1.660862739 13738053 4.585847595 29737587
3.579348442 25409972 2.096655505 17247131 5.248623641 33189626
2.789110681 17815760 1.41235709 11276391 3.540302288 23304577
3.771033934 26474802 2.149790118 18067042 5.209167356 32927011
3.268683452 22013100 1.773411806 14247450 4.532064456 28667716
2.71419462 17285633 1.366416971 11092436 3.85767042 26313049
3.344029349 23019468 1.77299571 14548516 4.798314943 31144890
2.992198359 21432003 1.65881912 13420516 4.44344083 29039166
2.974040672 20760859 1.558147128 12432401 4.267357796 27936629
2.797119457 19326324 1.528764193 12106409 3.973546699 25780108
3.072702901 21440690 1.744476646 14130958 4.600048734 29259335
2.995219264 20179137 1.747385937 14125645 4.514583073 28541233
3.025248079 19541320 1.523456898 12423916 3.887628018 26129330
