2.182450322 17364626 1.649052784 13904980 3.532450722 22903604
2.579252874 20640478 1.803137705 15994598 3.357575141 25285048
2.590417384 21296144 1.679894104 16065277 3.587711764 26189735
2.628673309 20464196 1.616220468 14787657 3.140753183 23997972
2.421785667 19258480 1.56566028 14127438 3.09607656 22997659
2.427244182 17991722 1.492458102 13431406 3.231782929 22283355
2.754787013 18236306 1.8447431 15972923 3.401734061 25340099
2.316542685 18626890 1.54612768 14495571 3.065566595 23327604
2.69107581 21098243 1.453924188 13881190 3.307716174 23247729
2.918604615 22624728 1.657415138 14572104 3.043484357 23623761
2.605842025 19938583 1.715078712 15364281 3.262283956 24695289
2.357490513 18440356 1.552976978 13913808 3.0379153 22572011
2.774824274 21010047 1.624634323 15396552 3.520930565 24633831
2.550892946 20141680 1.552328113 14533880 3.041865279 23423280
2.318473119 19564628 1.679025411 15791195 3.18788319 25663860
2.603120403 20445696 1.708538054 14843424 3.189637957 23512228
2.825196662 20544761 1.503667765 14284659 3.335278167 23353132
2.839625106 20464197 1.454073962 13729191 2.949329037 22755838
2.472730311 20325901 1.662551769 14795097 3.125903745 23947136
2.500507757 20564650 1.535522342 14130540 3.105009425 23657610
