0.39549815 3602080 0.370391986 3336084 0.437044899 3703622
0.41582315 3553331 0.321840271 3347673 0.437622818 3676130
0.428517589 3616392 0.344639245 3343161 0.421781119 3663216
0.400446812 3452462 0.327901115 3373565 0.432819362 3687514
0.407219371 3545692 0.325159934 3346730 0.441433746 3716050
0.417072479 3585806 0.332105545 3328843 0.421964511 3694905
0.405055235 3577392 0.317003173 3340654 0.44357834 3704098
0.416270435 3510397 0.318707356 3337753 0.440596323 3719389
0.419999158 3762084 0.322027061 3349633 0.433018089 3712473
0.393340443 3454200 0.326085887 3333537 0.475012209 3741672
0.416024333 3541783 0.31531991 3352433 0.428028038 3736401
0.402581436 3543025 0.31602979 3348432 0.422382438 3703473
0.407041017 3522804 0.315120859 3325697 0.439205642 3716520
0.37753357 3484088 0.329752763 3322314 0.433436151 3692668
0.393012146 3592460 0.340507311 3355156 0.433041272 3707308
0.395783753 3469898 0.315587163 3320509 0.433569094 3705094
0.425613761 3514702 0.342693366 3333238 0.423557817 3726536
0.379166037 3421207 0.314695516 3341489 0.448713317 3695331
0.411452975 3548903 0.31505843 3321505 0.476328033 3699364
0.47552551 3636938 0.311588026 3318464 0.433502188 3673543
