23.417001472 108474634 26.519014693 155623317 22.047246869 67642287
23.579754883 99128010 27.536892946 155588578 23.289365022 67658460
24.371751431 104151966 27.566477694 155506572 23.493561385 67644047
24.036796787 113256173 26.867157362 155466319 22.186801151 67710619
23.996508426 102882532 26.505468724 155511225 21.838738075 67664694
24.691968589 132923560 26.409263932 155495454 21.470998646 67643109
23.891018728 106222823 28.602298622 155578719 23.414347113 67637831
25.954750668 114328047 27.828832966 155564435 23.623757061 67643071
23.925329247 99871586 28.436353331 155555688 22.493192054 67656486
24.932665234 118751864 26.682596375 155693954 21.825908529 67586780
23.09132956 99023729 27.55018621 155564627 21.79741119 67636515
24.009794413 106529234 28.536613653 155472402 24.141989635 67644600
24.467202735 122421274 27.947651321 155525458 22.531906161 67659836
25.480239912 119583238 27.599887787 155512128 22.698810314 67675652
24.458618382 107019056 27.057350074 155584106 21.930762101 67656323
26.325174718 125045946 26.926884536 155504904 22.253923991 67682008
24.504985809 107205783 29.492615222 155475245 24.071288117 67647498
24.205127434 109340883 26.944773459 155573375 22.491626396 67610022
22.788195851 92168332 26.291789028 155503407 21.840999851 67653687
24.173182654 114738607 26.749401727 155505358 22.042413497 67654983
