230.582244744 1632661759 73.884246725 672621621 437.394175486 2996724180
208.863970501 1659216864 78.489319068 702733369 461.917091692 3118814967
217.007221076 1628850618 79.314778461 695063419 460.67845017 3091715725
227.541403802 1653041024 76.115016509 687858596 446.373133235 3061520045
261.454047935 1854162599 77.421946567 703567278 442.043594913 3153249646
401.274912838 1802268172 79.095399774 714867577 442.387150852 3153496142
246.677962591 1829187071 81.681185222 736176545 457.016519551 3301076383
235.924922514 1820664824 83.090744275 742774224 471.758318236 3309906836
240.315989342 1792895559 81.879852567 722466490 467.95843454 3241441487
216.407802891 1695040956 75.582797078 681725300 449.514811847 3063426525
256.725978379 1834793476 82.404722656 723627569 468.747984852 3252740106
288.012955995 1655828356 73.109732326 674795720 436.184945012 2989296303
244.370384596 1684752896 85.34476554 745121266 482.492456016 3346374194
323.448932569 1662470991 76.442926321 686722220 456.251558861 3048933745
279.298401629 1681090874 81.097736399 718411259 462.150956488 3223336123
449.571906071 2193907425 98.601265697 819572396 549.03345849 3732405324
545.020338151 1951367302 90.629662666 777721981 514.641707728 3480181393
347.812873664 1724391460 77.749694778 691997160 465.436490696 3121041753
269.501436273 1895344694 84.403364874 728289247 471.799734904 3277768500
309.202139279 1794771091 82.541098926 700037905 449.680421735 3181898789
