4.64101766 44518481 2.724225059 30028331 6.565862442 62955642
5.447509352 44431441 2.604816404 30228124 6.833052198 63152333
4.645574453 41967896 2.630594006 30471838 6.760935584 63443084
4.687415827 39034715 2.78381657 29974475 6.920880483 62659447
5.447564373 46889254 2.770333039 30362120 6.710586897 63132897
4.815023216 43812824 2.657283293 30106163 6.483787076 62734323
5.441256316 48588928 2.764671253 30079228 6.880277373 62690919
6.235957995 46560460 2.739235862 30104599 6.936965124 62693058
4.109611447 41144045 2.746220679 29995531 6.678555272 62871920
4.418203143 43313590 2.819364475 30162350 7.122588689 62984639
5.747106752 45709678 2.653759189 29976857 6.813211878 62538581
5.165503207 47980415 2.730971319 30069477 6.929291251 62798686
5.32577147 48610511 2.668059732 29966613 6.540686856 62415878
5.840896379 47157105 2.687377822 30294795 6.807477472 63120510
4.884690318 44355500 2.704404188 30163954 7.137424701 62828540
5.181991295 47492124 2.684132978 30031759 7.013541578 62657137
4.989044521 45470983 2.730424503 29794441 6.864388062 62438912
6.303564177 48013753 2.700320394 29651369 6.746999868 61972820
5.278669474 51051401 2.688979321 29928519 6.854165463 62682715
5.238308619 47461449 2.756879815 30222455 7.1878957 63051083
