6.757110742 1.997932414 5.898928339
5.966248082 1.864357615 5.538476879
5.821416365 1.8600568 5.648571819
5.939703924 1.687412463 4.97539875
6.515229328 2.039410161 6.013715381
6.682286341 2.104470895 6.108453275
6.293374055 2.016965992 5.758143417
6.652481595 2.077062943 6.169636924
6.283037359 2.05359521 5.934890123
6.963179923 2.216712914 6.529344133
5.938306461 1.870612967 5.584687342
6.250806604 1.87614626 5.711715323
5.979305677 1.873433701 5.734188487
6.104688143 1.884438067 5.663030738
6.09139487 1.894947957 5.814471119
5.95507506 2.029334132 5.649257806
6.779314286 2.106881557 6.319515967
5.956710149 1.751632728 5.23242241
6.291988278 1.993944683 5.867555173
6.319772679 2.014268867 5.868258621
