0.245552337 2329 0.230494777 1178 0.250013193 3712
0.252556084 1777 0.231809062 845 0.245933093 2663
0.248061109 318 0.224333345 512 0.271496191 172
0.254917478 5370 0.23555162 3194 0.234749268 7097
0.231931038 1522 0.218193076 919 0.216740634 1917
0.247612768 1533 0.226963226 818 0.233844059 2017
0.248778194 2584 0.2602609 1179 0.222679463 4125
0.253165691 897 0.216329383 473 0.238238822 1371
0.260419088 5966 0.221230537 2691 0.254221146 10614
0.264982446 5474 0.223958406 3192 0.239805238 7608
0.25535679 92 0.227213993 65 0.248275881 135
0.257943889 4110 0.246643058 1922 0.273764013 6525
0.26606646 1108 0.273850052 748 0.244430149 1680
0.262802666 400 0.222421257 143 0.238422191 740
0.247917801 1478 0.219426067 1050 0.238607887 2033
0.254792609 692 0.227834988 451 0.241703138 931
0.259609067 275 0.226775459 170 0.242530517 240
0.242955277 573 0.228065511 235 0.228407617 862
0.2555229 1459 0.251471297 617 0.231782147 2450
0.264621035 1650 0.23592743 1201 0.232773687 1504
