0.196429487 1702621 0.135300443 1401977 0.215897362 2046097
0.191993645 1685260 0.13117687 1401843 0.21952264 2059710
0.209685835 1822181 0.139607057 1448877 0.221289785 2061429
0.187842403 1664446 0.132024373 1390540 0.280743845 2061288
0.204381974 1830780 0.132697319 1379497 0.228860117 2032828
0.189633596 1700163 0.132688989 1407499 0.239668808 2056836
0.205696566 1783148 0.13123612 1386098 0.231587575 2044640
0.183827884 1696697 0.127426779 1389031 0.210321734 1982414
0.190484352 1585042 0.122428011 1348040 0.211877909 2014606
0.227601712 1775618 0.136718979 1461880 0.219237195 2028782
0.187657354 1696730 0.129453514 1409352 0.219464239 2064908
0.192765572 1686437 0.12914931 1418501 0.215816357 2033739
0.19273866 1741225 0.126397306 1400992 0.216604995 2079611
0.189828919 1708646 0.132354337 1431963 0.216849701 2045657
0.199781525 1717574 0.12880414 1392756 0.22706926 2029994
0.184952168 1663427 0.133698354 1409982 0.215194876 2006773
0.18809403 1675438 0.130294268 1386986 0.227837101 2021459
0.192743542 1698302 0.134931563 1412076 0.234999462 2054975
0.196665889 1652622 0.134859348 1407644 0.23524428 2012770
0.189245572 1655113 0.135854897 1427001 0.275199301 2061211
