85.16999028 691692360 62.40260006 582064130 104.261060938 803987376
82.006517601 661817636 62.305700701 580522563 103.008633724 804839160
90.269465829 709881036 61.175245666 581269067 102.013177591 804463986
80.516193889 689118932 61.991533478 580756808 106.725459767 804529497
86.633479638 683475533 62.093223387 580749189 104.478232164 804752585
78.010925368 681634053 61.901374145 582021000 102.871318061 805423493
90.894400238 721351194 61.671631486 580894936 102.495175229 804844897
81.009769374 675903026 62.659589647 580311826 107.491111479 803391915
84.283082014 693862845 62.662102418 580651144 104.161922458 803016979
83.593576283 699212939 61.516100562 581968195 103.155866631 804882175
79.891941079 684801298 61.745603745 580733218 102.401404154 804382727
82.116170517 691006019 61.788382395 581616209 102.752400172 803951409
89.884704293 710418338 61.304407694 580410346 102.337032077 804205497
80.903791526 687489528 61.527324746 580931506 102.754227199 803011552
89.432864708 695779004 61.810983109 580544578 101.722978632 804483501
86.159077227 701522156 62.311720466 581077636 108.742464275 802960834
79.712427842 672978194 63.821756466 580787381 106.309585063 804215626
85.207652494 712618234 62.973831989 581165494 104.371263394 804179283
77.599438032 704326927 62.247937575 581492064 104.327100291 806372721
86.611942193 694048368 62.042373552 581075449 105.062850477 803581615
