4.39011397 32316557 2.233497186 19360155 6.907409916 48014058
4.168997833 31010893 2.251180933 19398954 7.151570968 48820679
4.500366053 32987503 2.278224021 19697118 7.05827924 48797142
4.385114167 31800386 2.325809886 19692314 7.07787682 48679583
4.613200738 34066659 2.298460545 19780899 7.148776182 49842088
4.542193857 32918354 2.293644612 19570786 6.900277552 47436556
4.272728842 32165197 2.316728666 19483492 7.08522838 48560200
4.467639989 32834949 2.286685133 19510561 7.106638748 48067571
4.293134757 30729635 2.286485054 19626708 7.107492035 48638389
4.498310306 32637397 2.248338481 19299180 6.906045829 48021865
4.394890565 31929580 2.346595353 19807290 7.141977092 48462222
4.704629962 33907888 2.302826573 19477802 7.111316301 49164470
4.525222632 34022949 2.300609239 19779158 7.237384682 50151627
4.583915216 33238585 2.28440934 19842250 7.139798226 48532162
4.366619706 32409967 2.285365595 19474674 7.1270992 49353911
4.317183108 32015352 2.255538008 19769321 7.043383948 48898008
4.644276607 34101599 2.30095787 19725860 7.237899499 48727542
4.486021337 32509735 2.283940596 19565167 7.042928578 48660285
4.422103326 32326241 2.254612624 19606559 7.109621817 48901072
3.918955253 30365308 2.24196782 19271441 7.027187084 48965368
