0.265210995 2389422 0.196482251 2033572 0.312266509 2860306
0.300266134 2506488 0.18386591 2002110 0.304175138 2801433
0.286624617 2491986 0.18824453 2055694 0.309200046 2872257
0.297152009 2599357 0.186566508 2038387 0.30676912 2846073
0.276204748 2442657 0.185301004 2037787 0.30467713 2821118
0.279887725 2501657 0.189023218 2070387 0.313737269 2839006
0.2870722 2485686 0.199990191 2053448 0.324409812 2818340
0.271377896 2484408 0.206022231 2079042 0.310423427 2852366
0.301665638 2473430 0.187264266 2047665 0.314518296 2831302
0.279049585 2430340 0.227184677 2061179 0.332933828 2866085
0.278169638 2484955 0.194212817 2023379 0.329858187 2824101
0.285830583 2542978 0.197026642 2043943 0.328130236 2845326
0.272589677 2466399 0.196808271 2052839 0.322322345 2846554
0.25610128 2409528 0.191660533 2025607 0.312565583 2828005
0.36315278 2609987 0.22799223 2036037 0.313150382 2865085
0.285453862 2413741 0.19207266 2046739 0.311663643 2867284
0.253068926 2416367 0.185047113 2031651 0.311232678 2818004
0.268190287 2404437 0.210440076 2039535 0.305146724 2799446
0.294414211 2623961 0.189324916 2058585 0.316797175 2837197
0.291129414 2514744 0.194824387 2040062 0.345806249 2871155
