7.926147147 60391414 6.94316731 60581647 8.4304528 58651333
8.202966492 62223721 6.806396208 60513889 8.4492362 58757778
8.101007976 59896963 6.851724324 60598146 8.28523407 58965803
7.810990961 57608578 6.846256756 60586774 8.490272227 58361386
8.194786123 58665803 6.776163541 60769840 8.702019447 58943587
8.139462662 61741530 6.887264391 60777378 8.471299356 58894547
8.067699356 62774718 6.844407334 60615070 8.871127967 58790059
7.998991683 58427997 6.806133099 60593149 8.261948026 59164496
7.959735865 58287808 6.600899006 60336786 8.139325825 59053208
7.579727035 57774223 6.707759201 60583003 8.35661087 59073862
7.583738423 56341800 6.837110552 60807397 8.47890781 58784752
7.742030354 59865928 6.899632542 60818773 8.508465245 58739657
8.036956521 60421795 6.679475014 60550238 8.240253249 59105267
7.917694136 57645021 7.018189161 60685491 8.548667088 58825787
7.948318316 61619834 6.975190455 60781930 8.517595365 58507892
8.120038158 60594308 6.898503571 60791445 8.592655787 59023181
7.679763454 60615630 6.932608695 60798506 8.570039884 58840000
7.891841339 56932068 6.715636012 60519998 8.342981372 58687176
8.00928278 59793379 7.061759011 60831477 8.625977177 58511594
7.88044908 58116628 6.779320331 60705510 8.511970709 58796264
