102.708317991 836800712 43.758917516 383215102 208.32692296 1551321261
115.512404387 940573606 43.850904028 394074149 214.851415 1584108714
103.043647223 823661882 39.42980774 366125703 196.694759497 1490117675
133.038702773 1004801930 42.663197908 397164493 213.463785803 1599406387
114.381886151 921313315 40.987562638 383982203 208.898562405 1566206433
111.723219164 881287171 43.82264231 386950191 227.633887882 1592803954
108.863502262 855542198 38.891221886 363861668 209.732875054 1500587622
100.063018773 803946755 39.64198534 374333649 197.648837863 1495783462
127.365189351 904347622 45.981731183 411909931 228.833955497 1684569702
105.69406483 846192703 37.021397294 355337957 195.3649843 1447450724
108.1160697 854608886 40.136225975 375246473 203.05577567 1503731996
101.397295081 866536056 39.107608677 371745019 191.542549817 1493277396
113.248937376 888747211 41.019248299 379499381 204.685967717 1537839266
104.966258514 839292147 39.546107706 369152878 206.519915165 1498061874
108.002908121 867705155 40.223605658 380008814 198.394934798 1518746979
102.584303369 851541745 41.272927487 386820446 203.831908588 1561025973
113.288135137 919948203 40.181007902 379269393 200.251488543 1540175413
101.253207005 788761385 39.117090679 375426256 197.791780923 1529911639
102.420549623 813524733 38.803723299 369329829 200.143160738 1478803543
106.772702525 840776053 40.125056257 373558524 204.631969349 1506956933
