1.14084518 6074654 0.462471517 4065200 1.027554997 7455929
1.027990463 6481252 0.393729031 4035226 0.895033097 7411502
0.946789619 5421792 0.423121124 4008808 0.945029452 7355347
0.931112 5988200 0.422111768 3973380 1.23613656 7329234
0.721318487 5860572 0.422064343 4061296 0.914419947 7386786
0.635655885 5696626 0.40998708 3983537 0.966048122 7340308
1.021010162 6176750 0.399131855 4060935 0.868151581 7442754
0.695315334 5688410 0.44619825 4032842 0.863169577 7415412
0.725884606 6120210 0.440459437 4111862 0.929712243 7516548
0.706934 6141736 0.41619944 4014249 0.886054711 7331111
0.685081485 5906026 0.40986855 4092347 0.906017727 7414956
0.670783631 5732204 0.462398106 4082296 0.873222978 7432223
0.643282399 5492148 0.429755268 4052932 0.866848655 7470478
0.848943839 6113163 0.464856947 3986395 0.864798554 7371267
0.689112164 5212169 0.587304933 4021029 0.860623383 7317021
0.846289808 5710146 0.453539891 4001092 0.8485314 7289719
0.77693078 5901952 0.425325394 3997118 0.856211925 7336492
0.695718611 5753109 0.399743685 4040217 0.861945806 7420988
0.79890303 6126014 0.42497403 4117754 0.988333592 7530476
0.727182841 5382475 0.42506491 4103445 0.898353953 7423239
