0.097304781 83413 0.045440711 45330 0.070852264 110113
0.046426452 79202 0.04496672 47730 0.143016757 118250
0.022343577 75403 0.011163727 47840 0.026198592 119041
0.023431628 85352 0.013128777 45656 0.023750707 113279
0.024273646 74072 0.012546397 46320 0.017178804 111433
0.016957211 75081 0.006867468 47425 0.02581114 119250
0.020064408 87087 0.007892869 49561 0.017415211 122755
0.012557332 92028 0.01382932 55075 0.02575669 131864
0.018509252 89834 0.009486755 46092 0.015410616 118626
0.010877278 74939 0.006463501 41231 0.014730069 99143
0.010823532 90294 0.007535873 50772 0.014891025 127030
0.011154797 84480 0.006946794 49038 0.017913376 120460
0.010665504 78409 0.007213311 45210 0.0145607 113343
0.009353686 75544 0.006713553 43317 0.014128674 109119
0.010474858 72358 0.007580127 51441 0.018213435 126359
0.01213848 85801 0.01299358 46813 0.019704556 118416
0.012377102 71837 0.008232971 45551 0.017565729 115851
0.013489139 93682 0.008266519 53058 0.0212098 131060
0.011332552 84393 0.006859705 47851 0.01534256 118549
0.01306043 85344 0.008729768 47446 0.015666936 114212
