71.796274872 542595350 25.825888106 223387484 135.449926504 982702631
54.271414318 453357960 20.484132341 192412561 110.028885144 847029136
66.881760716 527696486 26.003286929 223158288 134.828724202 978923713
61.750529227 492946706 22.192711249 205343858 116.522142984 894387371
59.105129795 485682397 21.84460177 200584822 115.432500464 873389104
69.088618359 542156706 21.599085834 196931702 115.786648075 869626783
55.624354279 445606345 21.54253531 199569187 118.237909078 900369685
57.505626257 452366760 22.81708704 205223903 122.601233113 913680530
60.654438893 501095345 22.503699072 205702227 119.528995838 905778576
62.894888623 493650017 22.049506706 197871048 114.776169369 862711521
62.721584654 502724966 23.744649536 210821881 127.39820835 936883738
63.407856711 484444780 23.068237702 206458527 121.47178864 908651018
62.233630428 497051626 21.542491074 194340444 115.608808339 864973215
61.030015607 493851673 21.411506513 196489114 113.167792995 871638064
66.530472482 518311453 25.759668783 217195105 135.216372321 984030533
54.670549937 452978436 21.583976664 198394731 115.44221681 890649696
65.483458549 525383938 24.329421604 216232328 127.312598015 953579103
64.447148446 491460872 22.161790929 199800817 118.590244141 882326354
64.561572264 527293903 23.089837307 210585980 123.648046707 940277682
57.389927247 460917448 19.795451486 185554210 109.305709054 810755517
