0.13427093 117921 0.092779 87969 0.089430431 132350
0.085373363 219774 0.06554755 179988 0.067720311 238530
0.019899641 105966 0.013438106 79306 0.028594104 123692
0.020561872 106619 0.024585469 89547 0.0452342 134843
0.053287356 192924 0.027877994 141685 0.057900142 201792
0.010594328 44723 0.011652751 29714 0.016220852 54771
0.03824731 103128 0.033188348 80184 0.041075545 128244
0.053902379 178599 0.032036862 139147 0.047867357 231411
0.019680933 89328 0.016069893 64466 0.034365817 111956
0.04265414 120861 0.023034067 86876 0.023815585 135703
0.019067746 97422 0.013444609 67116 0.024733663 117647
0.036589596 121705 0.020474692 100405 0.037971164 153703
0.022573757 88394 0.014640614 70788 0.025922002 110074
0.015635276 69615 0.009858039 48583 0.016455057 89413
0.0184348 85611 0.011794878 62426 0.023358579 103185
0.017663168 96731 0.017198901 69903 0.033963229 110802
0.016212858 91691 0.011425123 65756 0.030778584 111551
0.018434692 93976 0.017900243 67414 0.035164655 122169
0.029712769 94651 0.018371717 70979 0.031192902 112422
0.025073361 89610 0.014559951 71669 0.02016074 107353
