0.967615794 8530031 0.390321552 4403566 1.269517873 10850433
0.904543662 8076920 0.429452924 4415779 1.31668998 10893878
0.820686712 7443262 0.406780393 4237934 1.135042465 10439956
0.811784681 7242496 0.39135475 4308781 1.283663633 10650005
0.813521063 7407261 0.386875434 4359452 1.170903399 10709835
0.682166549 6834480 0.387874259 4224494 1.163517307 10436326
0.881843494 7993682 0.46332658 4311894 1.25672283 10643715
1.135910876 9297756 0.469750678 4435759 1.173426163 10927250
0.793816249 7279089 0.392352567 4325201 1.141514509 10663474
0.806016762 7273251 0.406496795 4227552 1.223869367 10460697
0.905179144 8130644 0.421639552 4301497 1.180416293 10645555
0.706107007 6149480 0.415286266 4212560 1.289945859 10443057
0.860804793 7921862 0.435426874 4444964 1.260279557 10923406
0.830253182 7367754 0.417680301 4297815 1.246996289 10550695
1.279572978 8850398 0.380238378 4245907 1.134506255 10458450
0.817315831 7451243 0.458668118 4253665 1.198002287 10530256
0.762817707 6740729 0.427918708 4283260 1.195774269 10547633
0.878515886 8023678 0.418446803 4326030 1.220911037 10634996
0.825913929 7064525 0.411950485 4258709 1.189463008 10504653
0.758598232 6908818 0.388816759 4281846 1.166019712 10507640
