0.162329325 1244377 0.108875584 889037 0.183299986 1338330
0.21537124 1579737 0.152919326 1291991 0.274153319 1911189
0.164190208 1112259 0.117654633 948850 0.202522366 1341863
0.207448828 1563589 0.138317104 1235683 0.311492056 1795733
0.151131821 1154816 0.113104627 914167 0.185623304 1360818
0.137325343 1085956 0.102284636 874278 0.177867632 1312097
0.202391682 1021996 0.114131264 851861 0.195888288 1256508
0.213349648 1643405 0.151626493 1305533 0.277774137 1950040
0.240297717 1665556 0.131513727 1202879 0.235112611 1834461
0.157784127 1175682 0.121014241 961042 0.185444659 1334140
0.203204723 1518428 0.129703543 1125809 0.236649524 1743173
0.199742353 1357684 0.12042314 994306 0.216033474 1468383
0.169752571 1206985 0.118489744 976865 0.207014158 1418051
0.153057312 1195266 0.097344272 855432 0.170727374 1312181
0.183421416 1405114 0.136411287 1188558 0.238434307 1734642
0.197751897 1533074 0.141339504 1271554 0.260125414 1930034
0.208852129 1515949 0.142873887 1178195 0.262425615 1806108
0.174965291 1256328 0.124997046 979634 0.216568049 1531160
0.170240461 1334237 0.127617558 1098575 0.224142971 1590938
0.183112986 1371298 0.13413014 1136076 0.239342148 1783202
