0.008361229 10890 0.00920016 7897 0.010384206 12683
0.007865455 4363 0.01326892 2631 0.010738524 5365
0.009733752 2812 0.007707488 2202 0.008255419 3392
0.007884313 5018 0.00806049 4080 0.008414116 6161
0.008203639 11137 0.007385484 9350 0.009098568 14505
0.008741169 9414 0.007657253 6788 0.007741386 11242
0.008624927 7224 0.008001203 5439 0.009042843 8642
0.008430463 2792 0.007026248 1982 0.007557907 3548
0.008641419 10405 0.007378334 8183 0.008718238 10755
0.008055593 5280 0.00741148 4669 0.00756223 6209
0.007206001 4937 0.007029951 3951 0.007439241 6117
0.007154437 5905 0.006964792 4445 0.007388915 6912
0.008746646 3997 0.00799204 3643 0.007626795 4715
0.007871782 3378 0.006968112 2907 0.007640009 4346
0.007616111 2692 0.00677673 2274 0.007236838 3711
0.008984376 4236 0.007045285 3464 0.007905291 5103
0.007932139 6055 0.007619597 4906 0.007875675 7147
0.007432437 4174 0.006829618 3043 0.007879497 4963
0.007806563 3695 0.007322012 2841 0.00820461 4290
0.006808692 5238 0.006977024 3843 0.008174053 6247
