1.005931407 99909 0.992782277 50205 0.933497792 143903
0.97314259 102522 0.958994201 58779 1.028104861 159927
1.065988167 32830 0.897082502 15587 0.961046798 52756
1.038804339 83444 0.956711743 48847 1.129052987 131363
1.06796597 90249 0.923744412 48583 1.050327505 128496
1.079489502 122771 0.96308468 69911 0.917090391 185667
0.990172819 103026 0.958014871 63300 0.952846284 146113
0.962895434 30810 0.963599147 18968 0.989312592 45342
1.090362107 58576 0.886895134 30450 0.966602875 87624
1.008667263 40307 0.946290296 17294 1.005725665 67334
0.964960408 74915 0.999608744 45197 0.925497753 126896
1.067155352 43502 1.018675274 24336 1.006060853 75482
1.026864978 88386 1.074085416 55162 1.033683262 117991
1.046283216 114725 0.952514178 67463 0.995839629 152118
1.059585402 116873 0.979422741 59870 0.953753873 188751
1.065515824 70131 1.022370215 43332 1.011356413 97153
1.077795258 121615 0.901223478 64921 0.994897918 188789
1.043985018 157359 0.911208326 86529 1.063552847 233217
0.973931039 73809 0.981986416 42292 1.128861433 117368
1.078651865 54814 0.963334317 29543 1.070042833 87109
