23.846777259 172196056 10.289223176 88254563 40.703986426 268617792
23.432779548 167120583 10.706676668 88960102 41.546605673 275860085
22.542208513 162051410 10.225714023 88265452 41.929084119 275279291
26.154105591 173331732 10.329546421 89012994 41.591300293 278039912
23.630581577 171114520 10.444515015 88400482 41.054456531 275264061
25.107095871 172788746 10.425428857 88715362 40.975767234 276416312
24.183251919 170804247 10.530829602 89826474 42.175989679 278577546
24.852371044 171259226 10.233199017 88029564 41.58333342 274638662
22.124593313 157966331 10.262758729 88010804 41.110877559 275950063
22.630630176 159219229 10.205717813 87669361 40.294187597 268229470
22.997799684 162947713 10.228471486 88211583 41.616245906 276694389
23.337879614 166381328 10.407569842 89597206 42.272921162 278565521
24.376387819 167562076 10.495113829 89215988 41.604257966 275430628
23.450264501 170388300 10.09114924 86394654 40.457549108 273438534
23.066430504 166176583 10.556197338 87852962 41.23310612 275570578
24.946350829 174417560 10.506967783 87453373 40.908192011 269211384
23.009658836 162233282 10.031788667 87207757 40.605532756 273507514
25.024094792 179680281 10.387315796 88069626 41.232673683 272988372
21.691493984 160186766 10.181704988 88119333 40.343677567 272867397
23.681872718 169727389 10.580604022 90086362 41.670348289 276583794
