38.578160159 341480832 12.534634737 130779599 83.411452202 669024831
39.038955968 328531898 12.563581431 126711991 78.987450953 637904372
37.245043897 327067462 12.227020906 125940830 78.345162317 632425407
33.659717346 294422923 12.209672999 125352957 80.364141378 637964664
36.711063071 325841226 12.156778963 126233036 79.108302987 636854387
36.089455785 311536994 12.058220449 125579003 79.849559071 637694892
35.736210967 319719380 11.957645072 125347444 78.340712988 637519070
39.968087934 348449645 12.149585979 125057779 79.220048332 638807339
41.736151108 362426953 12.045495651 125505967 78.163224373 635394362
41.435364844 349557435 12.103602581 126769893 79.525284175 646440892
34.091185397 298952371 11.846047781 123906353 78.091714557 626428623
37.143485214 311761650 12.233849153 125441426 79.558362496 644418692
39.38870929 338234758 12.581507653 130592902 83.626378034 658160918
39.355870524 318382686 13.438508775 127622868 79.826492552 645959519
36.077638735 316472240 12.130043815 125323502 78.419813973 633658322
38.858436406 333349917 11.422145798 119966706 76.486032561 615491925
38.19512284 343884707 12.116218804 126586559 79.7991696 638002503
40.465508142 340447523 11.866104449 123885852 78.468608316 631396761
35.553883411 298759899 12.470339577 126469067 80.491884482 637169122
35.844574154 316676411 12.111112783 125378935 79.500877767 637363111
