0.387457151 1158754 0.131522407 885000 0.201515237 1313459
0.219260097 1147505 0.202520148 985202 0.231221122 1393949
0.204795382 1344277 0.165866945 1063277 0.296881233 1417288
0.252824058 1056807 0.11426914 792639 0.153686318 1150757
0.227611761 1184967 0.140544638 1036809 0.185766867 1313504
0.156424807 1032643 0.138697057 830115 0.20184928 1188600
0.156733169 1157308 0.112237238 928007 0.183977535 1357498
0.194307132 1166930 0.151291042 1015574 0.243339723 1355970
0.165360625 1245088 0.113760977 991021 0.184521659 1414168
0.183811738 1333820 0.130188675 1049941 0.214412727 1437788
0.15885647 1170295 0.106050485 859491 0.177145671 1277576
0.139738988 1143392 0.122280225 1018204 0.185048645 1402050
0.164361442 1171101 0.134262903 1032444 0.221497784 1370031
0.165469654 1112598 0.100567844 934727 0.158865529 1302199
0.132954529 1038620 0.104821842 910361 0.171499066 1313104
0.177682513 1406209 0.133069962 1175754 0.206547117 1559925
0.153517654 1196383 0.109024168 1004141 0.169812068 1389582
0.143298267 1142224 0.118722759 1056010 0.194107976 1460878
0.173987406 1333093 0.13681923 1191346 0.209874026 1534797
0.157499505 1242685 0.109769943 990859 0.182854526 1410603
