114.162737096 822370018 100.77261343 769654318 136.245906722 861477805
112.036696605 797470804 100.954812979 771960382 137.904516775 856997246
119.973069671 820617966 99.480202526 772274538 139.646514137 864189265
123.612442177 855385316 99.027426178 769912188 136.383517396 859478489
116.965052336 830107683 100.215488505 774041111 135.580885842 862288501
122.099135236 793811426 102.949404219 772465919 143.548858842 864188098
119.767055271 769968414 98.633566228 767022300 137.283577417 863570236
114.528801097 806688227 98.450246919 770986344 135.051731993 861143419
124.571323519 833477836 99.78313969 772602405 136.712829146 863399197
117.386719396 810705192 100.530981528 772059641 137.479043156 861761258
115.73219958 825485693 102.429619613 771269707 144.458843326 861450356
126.989201883 823594068 104.560652085 773277522 142.930240819 861638818
117.292080965 786100888 102.454320702 777340009 139.007405744 860552818
112.924901968 800104233 99.705576612 772680433 136.630286107 860389631
121.80922383 800800183 101.791492162 773671751 136.557304022 858587870
110.797293755 800505072 100.949112912 770323640 138.490013344 862408778
116.709374756 776719644 100.05117436 768357284 136.566709186 863756292
117.956405093 820691691 99.43833237 770451451 136.735996354 862357871
120.5615793 776608971 101.599572823 773900015 138.868603123 863437341
117.934800543 839463410 100.894248767 772245196 136.672461818 863047731
