0.711867105 0.161957028 0.671327165
0.962257826 0.202903297 0.795730161
0.868650729 0.179638035 0.878418894
0.780207732 0.161169288 0.745425298
0.756780697 0.157495476 0.690181413
0.791711326 0.186073254 0.781336442
0.620544284 0.144620286 0.587222613
0.686877227 0.143210577 0.55096396
0.882948714 0.184127114 0.862368462
0.587070689 0.137530665 0.554627229
0.714966388 0.15892743 0.618047193
0.86398399 0.190056421 0.781454836
0.832571667 0.189340481 0.794469313
0.732283648 0.166713822 0.640059568
0.867042764 0.170960023 0.765391549
0.694877457 0.154368741 0.603307806
0.74407545 0.163514096 0.708219302
0.707224364 0.158167328 0.622626726
0.747747184 0.162729367 0.707427811
0.642590134 0.148501509 0.573481712
