3.060734448 20865516 2.327698539 22033816 3.054343269 21153935
2.646084877 22211481 2.187598202 21860217 2.760986353 21151218
2.670793471 22040196 2.183758715 21946186 2.722194218 21057603
2.696406892 21593488 2.183616659 21952866 2.741723106 21098684
2.524682014 21845295 2.181096983 21941932 2.701716458 21184399
2.653630964 21982960 2.19923048 21946289 2.730447691 21024206
2.497078303 21272628 2.318142566 21938379 2.716565644 21141720
2.534672028 22496771 2.218296484 21973871 2.730160574 21086298
2.539003859 21869618 2.299054754 22025814 2.849789798 20891171
2.534133006 20988212 2.333429199 22034041 2.801379363 21090529
2.686130962 22028870 2.20656152 21992618 2.80792495 20987813
2.595334495 21660557 2.185358319 21984151 2.714415507 21143278
2.742501392 21411693 2.230277719 21901921 2.798902356 21126113
2.820033326 21495780 2.285826981 21954735 2.746684341 21129995
2.725823853 21464151 2.204959688 21936260 2.733200763 21023301
2.759572496 21411692 2.211026748 21972551 2.816443427 21042007
2.699561228 21023509 2.291694868 21959545 2.899714041 21084263
2.687657464 21696026 2.251526754 21932712 2.749250266 21153168
2.677301573 20920426 2.267870837 21946736 2.803496949 21110770
2.591625907 21442105 2.239916175 21927374 2.733826229 21158381
