5.703910764 39718849 3.470434527 30195912 8.24900076 50149788
5.277270291 37353458 2.931629866 25443505 7.101763779 43946170
5.988394035 40443708 3.569865112 32145526 7.853163087 49804153
4.992756918 34863646 3.098452451 25975167 6.899172397 42974318
5.578068017 37665537 3.477776992 29497439 7.422070574 46020925
5.37241851 37610376 3.900862615 30562435 7.484025264 47994028
5.405774631 37138749 3.28853435 27857169 7.060231144 44636509
5.210344668 36303531 3.144902351 26922513 7.699444517 46661874
5.971118233 42052425 3.440501851 29634340 7.883604805 49193947
5.614001007 39874735 3.598326656 31361870 7.552885284 47342500
6.245932986 43459766 3.842773276 32271372 8.411152685 51615810
5.841713128 39445049 3.664952989 31417609 7.695436883 46290066
5.897604766 39870082 3.686352351 31340155 8.003747506 48180840
5.246696568 38401509 3.202188249 28460973 7.498989396 48035607
5.47854019 37643062 3.516399564 30048582 7.739341537 47656756
4.952842399 35580857 3.154818033 27345636 7.580941499 46613349
6.148216759 43252711 3.844825195 33069067 8.011000345 48315004
6.494785346 45919963 4.279340041 37637716 8.274507953 50293891
6.386798831 43118906 4.090217864 35217618 8.603160841 52123380
5.690121034 40423617 3.446562859 30036550 7.784960242 47746844
