36.820493478 306642374 14.48672729 140360083 64.234490298 480434967
36.677690195 290664380 14.393423356 139558567 63.624642511 470672539
36.858620435 293805471 15.398885139 146568197 66.397992224 490939198
35.484985045 288972723 16.037942758 147604682 67.833251805 501321564
40.6123976 313092840 16.35868592 152726162 69.649203738 503521510
40.994269926 313819020 16.107533396 147171751 69.057448672 499695862
35.522673311 294092509 14.607922357 139949042 63.76701153 484819214
37.321094758 301747308 14.751220333 143023729 64.415237498 488307581
38.09059212 304808246 16.098258979 151382321 66.675839243 494180683
40.30547133 322754989 14.920483265 144320546 65.340555866 485985027
33.802394833 276815410 14.415036759 138317093 62.443869079 471527578
36.41531761 288061446 14.206282264 138161572 63.154508225 479560313
35.92032611 289200099 15.017774306 144510178 64.83637867 488677778
39.108911035 306194068 15.36684138 146241141 66.991025509 493241447
37.017930268 299633255 14.8654591 143314485 64.795812911 482896523
33.890259375 262638351 14.740406355 141065001 64.923929663 474847938
34.845004191 276278357 15.206395564 144498332 64.752441732 480435833
37.124089038 306842022 15.943071122 150614377 70.938519228 519281781
35.199265028 282324520 14.913951773 144205854 65.037011247 485668366
43.024649918 326101822 15.51277468 146293904 67.571095224 494167612
