235.176731383 616609416 264.048276464 975884138 220.6318588 329434272
235.385073249 534506744 260.577591363 976068738 217.718462108 329192876
243.753151697 528135468 269.600460605 975977964 229.358620229 329268620
234.429868073 564263099 264.40212662 975982985 223.322258784 329247444
238.375562702 586682191 261.500275245 975868742 222.930590848 329383503
234.412277975 568306610 263.156014856 976029897 220.49183023 329324340
261.392164965 741552198 277.755746003 976080849 230.882295494 329210218
238.102717375 530174165 269.728400736 975908177 227.698319223 329330627
228.874898384 448859857 262.158243613 976139321 220.369980975 329166734
228.829242219 451295794 260.239407822 975956752 221.208103793 329324794
226.970616363 467625888 260.940552379 975757244 218.239841454 329528944
236.843390562 520013988 266.696140247 976138016 224.181326838 329188340
232.259149217 559544788 264.578918351 975957488 221.721131065 329258326
229.577152632 519924184 260.839373407 975866428 218.6104605 329271189
245.731796365 771562242 258.000359745 976035057 217.693082951 329208352
265.129627315 765022318 280.253816315 975849251 232.391679293 329377669
232.35309392 541360082 267.946486395 976060822 223.302885382 329256783
250.378507221 745509444 264.68336377 975834798 221.310262638 329375033
239.605831048 586068722 263.188534546 975873102 220.286260097 329412637
237.802262917 662153467 258.495923678 976145581 217.224996772 329149543
