38.405836472 290877182 19.017495089 173026091 75.154135986 491917793
54.995161824 406317167 25.709037494 236261967 98.399338885 647904531
46.906499923 349607353 20.985365924 193946476 79.763763024 541725263
53.466649534 395229089 23.35803349 214274911 88.81191264 598174780
42.07750067 336047005 19.943642129 183332422 77.407406298 522442862
63.56141362 485205872 27.127352285 246642766 97.301633475 649347700
74.807284045 575407060 31.224575455 285654996 113.288225696 728116352
46.625975969 328395314 21.218502804 188851982 80.817611576 528627571
47.021829853 347457989 21.545388021 194681999 80.671394684 539669510
48.572165693 367537189 21.681160245 198843954 80.612694565 538615107
51.140319525 384023344 23.263694403 213524635 89.614311966 604362252
48.02403183 340538199 20.46035601 184885890 76.94402772 516199530
51.672607199 385936647 22.340935784 207004195 83.929076666 574296777
46.547318453 347716308 22.72917996 206759795 85.409735102 570761258
49.235814179 364977037 22.731197052 206004804 84.451864416 574129770
53.223916159 384060658 23.797783056 218981399 87.536058265 593020735
55.533368059 428146602 25.752662953 235252520 96.890652589 648554696
51.787909875 398257311 23.263677584 213139850 88.513672545 595015995
44.078001594 312750623 19.6066071 174036319 77.24905921 497388163
52.485392714 396295704 23.434678658 211158141 89.631924076 591529796
