291.739481737 2102475113 90.303764563 827416585 604.224117592 4023093467
307.689345559 2185162291 88.741530078 830228179 619.710132514 4067460888
454.472934881 2092512018 95.287370427 816037715 600.138218411 4021355375
284.388646938 2074513804 86.823451027 821088159 619.525883242 4030730540
283.59469899 1997196768 86.181157539 811769201 604.075803878 3983218458
418.439638498 2266820410 83.663788005 806463148 579.787856458 3960806266
292.440837874 1879939934 92.412099795 829123176 622.315198059 4042288417
674.742018716 1950366411 87.456295701 820011160 606.129647926 4028348069
292.21663873 2051131513 99.453536542 819792381 606.131000705 4017955662
342.160956409 1926581500 87.914378 830602333 608.777267231 4055910069
408.585764817 1953750436 87.653901753 822163297 619.838254548 4044553501
469.918828324 2244328689 91.769472359 806250711 597.56540617 3939128368
270.205328003 2019103489 85.100253669 807283968 568.288001252 3958702069
282.921623588 2045628172 91.611332252 811528318 584.125902436 3968574936
409.849643699 2072007100 85.574487554 825096027 612.748411403 4022193977
306.915202648 2074391583 89.58631055 814714796 594.223815656 3985588459
291.675331626 2125757190 87.563183602 819460715 614.050514767 4012888421
621.332174344 2123747940 91.96062777 811723809 586.518418282 3976145126
373.3155131 2144135208 88.756265685 819083883 596.147063294 4021199200
284.663552855 2063299009 86.81669804 807806042 581.013901022 3974671347
