1.613529044 14634892 0.920109042 9768146 1.981093918 19034936
1.563855844 14148475 0.860036174 9869025 2.026732057 19048338
1.609570814 15663170 0.840280288 9838359 1.95582116 18900138
1.65875628 15346935 0.960810492 9786958 1.918893734 18933463
1.503177491 13023309 0.85734799 9862647 1.99394402 18989904
1.294332451 13812545 0.898218083 9762648 2.001821277 18839949
1.41500377 14289988 0.936983686 9870796 2.307277567 19099375
1.480011601 13033922 0.849389794 9822164 1.960270721 18908150
1.439113108 13604040 0.827693422 9734107 1.981676382 18941919
1.630945009 14789639 0.932415245 9831391 2.037780462 19138919
1.701042545 15352542 0.840735556 9809495 1.989765382 19048689
1.252165727 12110469 0.823405461 9800971 1.9701583 19025423
1.705486158 15413550 0.931193434 9761383 2.031369594 18945513
1.618295292 15011349 0.849522954 9814186 1.955328097 18837937
1.534348635 14979363 0.846567202 9764335 2.039700371 19095172
1.410674484 13932959 0.931603366 9685307 1.918678247 18767150
1.544081007 13828756 0.881078342 9856208 1.955793452 18951634
1.44950205 14103527 0.838075975 9872661 1.962198374 19032420
1.760156656 15557936 0.965070399 9842002 1.920070626 19016308
1.663398447 15195286 0.833569329 9760427 1.956909062 18903854
