15.23653418 109649307 7.139046641 59599023 24.630827412 165270089
15.693784652 114999033 7.399526022 62842305 26.076688737 173862218
14.327712942 106040637 6.695416446 57439721 23.982285669 164386317
16.504155802 123989855 8.438025575 71480346 29.09385812 189281093
13.164002566 90663953 6.133162252 52232122 20.500404306 138745421
14.297792341 104636622 6.594968402 55192311 24.082364932 153325756
13.416819508 100066650 6.391734696 54371531 22.072829491 150533419
14.106936715 101677379 6.939370579 58958820 23.369756642 156999255
12.578849948 92480614 6.434184275 55136941 22.991845242 154565939
20.755634531 150618459 9.47092762 82152338 32.438639054 214777431
14.389718752 100853326 6.134752164 50869270 21.718508968 146307137
12.775852072 93415276 5.80318283 50039073 21.588913955 148804619
15.450557022 107960458 7.256172496 61417602 24.730830537 166798440
14.938485744 107281312 6.857428065 59114787 24.679484311 165184776
12.564706174 89928936 6.046303426 52070996 21.520862662 149055764
13.795031748 97516005 6.290074889 52843537 22.724787603 154513561
13.788224232 90276112 5.994327358 49377026 22.791284066 146333224
14.989753258 108816949 7.212331765 61530090 25.757599658 173531718
16.942131935 121999888 7.420939175 64817476 26.244874328 175837496
14.644887207 106856780 6.829541772 57466824 22.257776521 150516265
