208.909743951 1289232616 205.61460049 1464967516 221.717798576 1182238152
205.890913333 1362432349 201.826031975 1465461501 218.133411657 1182424954
210.085227517 1277928986 198.637518998 1465649093 216.034473389 1180910267
209.061255969 1293439302 209.37878353 1465225362 227.850593069 1182492950
218.24796678 1300073868 206.508921123 1465196814 224.989154636 1181725022
207.980525082 1349259968 200.680549366 1465574454 216.04449269 1181562580
212.007261974 1340151319 198.753320885 1464322426 215.267697515 1181180903
214.979877443 1241648180 210.810827996 1465879478 227.356324881 1182690216
215.453931785 1358647522 204.958213314 1464880819 222.222873488 1181474973
207.826477072 1322034651 200.981610449 1465772707 218.768468039 1181743090
203.387232657 1265124000 199.626637855 1465500498 216.695673424 1181908782
222.822413796 1330988827 213.422522053 1465112276 228.538063314 1182140305
219.713709382 1397439389 203.297772982 1466081677 220.416008611 1182678079
216.900609792 1334238493 199.790540409 1465642097 216.341071578 1183570747
202.37462091 1309046393 199.592250893 1465761359 215.857336217 1182973960
216.05172178 1386678218 207.273765532 1465872942 227.890393045 1180746806
209.396262298 1314033774 204.843511171 1466043969 221.736215883 1182164704
212.680231621 1287130125 199.93197883 1465730013 217.198347205 1182929710
212.074890602 1348291514 200.336117637 1465297046 217.266718373 1181151410
216.391081713 1321197082 203.91774914 1465733660 219.968791958 1183003345
