156.511512652 1271438046 65.035543734 608579320 312.40710481 2285730835
161.982348077 1305336673 68.325217106 635431094 334.436733408 2361357336
161.775127341 1347216621 69.525991773 646543804 340.18607736 2407198297
166.706160637 1254467281 66.316775388 622027838 325.489086785 2301895707
172.767317625 1363049599 64.653561542 614935109 317.809351888 2315264319
201.498464546 1450465505 74.631596681 650316408 349.154865606 2429890746
171.180580979 1361894325 66.235848226 631790052 322.637927945 2316059425
168.097935829 1284511228 66.792954379 619655220 328.390174525 2295994168
205.812090671 1330365569 69.794114365 631595631 345.109438569 2360760910
186.88021142 1389715317 69.754584888 641322626 346.610109435 2386347039
195.110282256 1446946648 67.877005383 631982862 338.708625203 2358755561
172.439591716 1328254918 63.979216238 605123494 322.391687736 2282677663
193.422392658 1386574334 70.176176427 637763804 345.144569807 2378320673
186.991609215 1358945951 67.349185099 622334205 336.645947083 2311831851
194.454446903 1357920544 71.479194216 652566536 351.17790723 2390498611
200.732320882 1348781189 72.597667144 649087427 358.648932931 2423979429
194.651159788 1378143782 68.616771746 628681266 344.539026434 2344899358
174.636140412 1326920262 66.186760451 613004800 334.047868438 2292261596
209.411427321 1476814224 75.797440605 659337343 366.805691628 2461988779
180.40798813 1357595416 62.903803391 596101637 322.824148562 2248207991
