0.010291774 1184 0.01515675 2072 0.008920919 592
0.015206068 1184 0.016076879 2072 0.013913634 592
0.016298495 1628 0.009752734 2072 0.010990625 592
0.012569337 1628 0.013710312 2072 0.01190724 592
0.015772643 740 0.009444448 2072 0.017245524 592
0.016000145 740 0.012003269 2072 0.011990267 592
0.012446203 2072 0.01274563 2072 0.012763492 592
0.009989955 1036 0.009752771 2072 0.008304153 592
0.010081798 1480 0.009744188 2072 0.011893488 592
0.00760647 1184 0.008008627 2072 0.009629907 592
0.010008256 1628 0.011344247 2072 0.00845442 592
0.008253618 592 0.007896063 2072 0.00816445 592
0.010509312 1628 0.00936122 2072 0.009087158 592
0.011380921 1036 0.008912039 2072 0.012890233 592
0.013559501 1036 0.009946741 2072 0.012220799 592
0.013035657 592 0.012798309 2072 0.009150162 592
0.012909254 1628 0.027316605 2072 0.0141968 592
0.010705738 1480 0.010103885 2072 0.012559602 592
0.010044551 1036 0.014534253 2072 0.009386982 592
0.012251014 1480 0.013019363 2072 0.011176603 592
