0.298904817 2599214 0.250294262 2443194 0.327798099 2874461
0.311866307 2727918 0.228878421 2421566 0.354823274 2913735
0.29319829 2593814 0.237894013 2350022 0.32476863 2885638
0.337175348 2774395 0.231793548 2430425 0.337054508 2922535
0.321026863 2588342 0.236954338 2380386 0.320365823 2841666
0.315223704 2636588 0.237256069 2403358 0.32046171 2792176
0.300814741 2693894 0.222133663 2368256 0.339730257 2940640
0.313069028 2646597 0.24650047 2440175 0.332238956 2840240
0.332519721 2708048 0.229951415 2407074 0.322481328 2824370
0.339462233 2717469 0.314731801 2407475 0.326738363 2897348
0.331879926 2550519 0.229279647 2399079 0.324112482 2829484
0.316592594 2728029 0.236270669 2396343 0.335168636 2913957
0.328313973 2668068 0.231849154 2381856 0.332922868 2906972
0.324433865 2810809 0.238229061 2405427 0.327875556 2924312
0.312320228 2854837 0.231208286 2416471 0.331781447 2880273
0.301256233 2621916 0.237351779 2445570 0.336651086 2879194
0.29940717 2615817 0.251975194 2430583 0.326435598 2885091
0.298589713 2584110 0.227148997 2395216 0.415535183 2841541
0.298554441 2581570 0.234037032 2366179 0.336860875 2843021
0.30407274 2632021 0.231924679 2430357 0.377742034 2941005
