0.250468432 5512 0.21406429 2624 0.242553965 8600
0.256023446 9313 0.240540243 4866 0.25310014 14033
0.256282863 34295 0.219176552 23512 0.242663608 43083
0.264034405 58498 0.233600538 31812 0.249540113 85735
0.292059704 9469 0.237098418 4968 0.249760137 14391
0.263261402 38290 0.243857507 29296 0.254392487 48803
0.23857727 6718 0.224990571 3443 0.235193712 11232
0.255565697 8879 0.243577034 3518 0.234968039 15368
0.259389256 18355 0.268109847 9769 0.25120917 29658
0.259526082 12199 0.277169593 5890 0.240166717 18294
0.250167043 10302 0.227854863 5549 0.255606837 15101
0.268160866 14958 0.238266891 7406 0.246388456 26610
0.260312919 10970 0.248977877 6253 0.250934478 15665
0.272383858 11896 0.237702571 6623 0.251382921 19052
0.244750247 13610 0.232964664 5633 0.250738466 22115
0.252165264 18237 0.225054915 8765 0.246591784 30812
0.250297869 8615 0.224073951 4394 0.248544133 13727
0.25522725 10354 0.218159182 7301 0.250423263 15010
0.25639401 23354 0.2226553 12619 0.252137045 40143
0.267094657 5671 0.252417915 3379 0.241181477 7760
