0.542286556 514 0.44777008 203 0.51104454 851
0.506787817 911 0.46884107 423 0.46474617 1692
0.475399456 3003 0.451660686 1696 0.481898991 4572
0.46364667 223 0.430401818 100 0.443067508 333
0.457366493 897 0.489032006 370 0.469000854 1694
0.484162725 1953 0.444899271 1045 0.479935084 3185
0.496095705 927 0.457793575 526 0.465783869 1461
0.496211143 827 0.454959005 970 0.501486619 591
0.502706532 283 0.424935506 228 0.483550666 259
0.515326788 5566 0.469970677 3450 0.485883913 7246
0.492199809 1058 0.42831441 537 0.490488973 1790
0.484127502 376 0.457393257 157 0.433775185 536
0.506312489 2059 0.421151723 1391 0.500327655 2913
0.484000757 2643 0.426640636 1370 0.486806576 3998
0.496494366 2858 0.478894348 1272 0.472604667 4458
0.450783385 1661 0.417261077 711 0.492235022 2972
0.503147851 474 0.469913427 193 0.490568107 491
0.484473459 2294 0.439283713 1064 0.486428251 4550
0.49826887 330 0.438479161 251 0.477150871 392
0.484226772 6270 0.470004002 3916 0.485389968 8439
