0.41081044 3766043 0.36370831 3596365 0.438705296 3470856
0.433921546 3508794 0.400731683 3604306 0.432329563 3452462
0.435537248 3649997 0.361040296 3587269 0.434795008 3477952
0.462918178 3597879 0.387783655 3608409 0.43501706 3431730
0.440451618 3530843 0.370865394 3632693 0.465598309 3499872
0.446779487 3458738 0.370561681 3650206 0.45135811 3579436
0.432978289 3261989 0.386748682 3635107 0.5216172 3491272
0.429704482 3393683 0.367162828 3615240 0.448502002 3516955
0.448696624 3469790 0.365825335 3631459 0.481797426 3531058
0.438584558 3432664 0.383547262 3599786 0.435861164 3470370
0.447078859 3563972 0.37607382 3616547 0.440129111 3478101
0.417042919 3420803 0.365790532 3588064 0.440243956 3409947
0.442537816 3363141 0.381653607 3608786 0.432083925 3449559
0.420152263 3511357 0.360073857 3599389 0.470942822 3540070
0.436514755 3575888 0.361838814 3610351 0.442725007 3538065
0.438377004 3398807 0.38461027 3617071 0.446686225 3497314
0.469191593 3785155 0.438932247 3595931 0.43491388 3523131
0.485781467 3572250 0.36491669 3598252 0.447644207 3503901
0.449826664 3625623 0.443685446 3604781 0.444711843 3506142
0.44493235 3640204 0.36826023 3636568 0.446530498 3563604
