2.760010732 23984718 1.532030722 16099289 4.251090269 37097040
3.440358401 28880423 1.774380527 17594977 4.709701412 40595748
2.797983421 22190675 1.523160735 16519919 4.479989243 37811523
2.494108418 22084629 1.496324036 15330601 4.319564791 35483807
3.572445096 30099648 2.403112313 17491721 4.433905995 40150700
4.145868231 32564338 1.626922196 16705298 4.40513919 38676432
2.619523241 22972210 1.541831762 15273161 3.971293836 35140871
3.32719812 28029382 1.582202686 17054561 4.348419854 39385673
3.052085664 26044362 1.618909475 17341441 4.434001102 39712989
3.460798951 26719406 1.452934626 15407760 4.076360892 35600300
3.5977325 27462618 1.586124095 16193572 4.281324032 37136335
3.365393288 26606353 1.628886165 16412519 4.470996662 37845460
3.640344218 27926704 1.596535032 16541489 5.014363609 38228067
3.287482234 24841267 1.462960282 15069223 4.147587767 34896912
2.911062356 23031478 1.618765615 16149930 4.241953641 37242578
3.454714966 28129439 1.714640643 17490907 4.474815776 40165775
3.031005285 24509332 1.626192536 16223476 4.280814449 37506214
3.199048654 26360558 1.472833091 15727822 4.143705393 36162568
3.548944549 29873592 1.480418749 16040696 4.520547398 37062320
2.922652054 24338531 1.50370354 16085039 4.252336029 36863334
