3.271432781 22853645 1.706103123 13440632 4.848516377 33411739
3.144989441 22842016 1.606537817 13157475 4.81360973 33345585
3.475292841 23960751 1.745058899 13773609 4.977175035 33913103
3.049244437 22567819 1.724496032 13844420 4.898897063 33761532
3.030144845 21696528 1.646584656 13126418 4.598477409 31483643
3.20618523 22944227 1.855947738 13934528 4.803696812 33478825
3.056520172 22686373 1.547746815 12797899 4.662946234 33348392
3.062166431 22244956 1.574248909 12888175 4.637076544 33084252
3.260851189 23776348 1.712981184 13757230 5.013142474 34670032
3.064640133 22667707 1.688234211 13515197 4.864798139 33772504
3.112081701 23078822 1.621647789 13243086 4.783555341 33356620
3.191470738 23161227 1.683066361 13513442 4.945023749 33654965
3.508393583 23103752 1.659273174 13364011 4.809314215 33151755
3.092138002 23189657 1.65599874 13424693 4.934119665 34309831
3.069920561 22674549 1.622807828 13149385 4.671909451 32954257
2.940795663 21838443 1.537538354 12824662 4.646968012 33081572
3.416842829 24779672 1.708445673 13741332 5.076693721 34475507
3.103859221 22636146 1.666862602 13169062 4.725754166 32932958
3.553075666 25366464 1.795497817 14060085 5.101593024 34542420
2.88219003 21155406 1.590393179 12708640 4.684743746 33353235
