96.640272293 722124836 43.234111682 394193637 168.547908271 1086759877
97.186298854 753696127 42.741427054 405333650 169.340962393 1142058529
100.171054248 741051850 46.906264592 441708388 175.422345307 1174538068
101.53023838 781636096 47.101118083 441483754 181.477372782 1196274323
113.377777012 845021224 47.309728388 438748294 182.941561855 1236919994
94.464666773 748294420 43.394479967 410606680 170.835780251 1158499147
101.819686844 755312061 45.862919948 427989542 176.854995763 1201664513
98.1433337 751615088 41.344804127 381182106 168.350910705 1083209186
97.339722145 745803899 45.372538699 423693466 169.789137928 1152349142
94.835577908 754762220 42.388534463 398419360 165.137802892 1118008691
94.482769261 736019104 42.785411291 404526166 160.871550618 1095345773
87.138146394 704202649 44.750153359 408810687 167.429971239 1125993240
106.850745385 794067675 40.795188376 371286345 163.740375782 1062481951
123.522967181 950338864 63.586477905 596498516 232.382102359 1534220825
109.831459078 823160483 48.73119834 457936543 187.208081102 1280914030
100.197254983 763340224 44.754155979 418067796 173.299743195 1170916044
100.92470088 755988469 45.619714592 418169815 168.150946687 1139093394
89.974911961 691391089 43.134887727 406840689 161.991059787 1114512134
100.803734342 770706668 47.433451452 442660860 174.014643384 1181510074
84.251215234 632644416 39.092702673 359010553 153.66119335 1013224345
