21.419640347 6.850345789 18.048487723
21.263041828 6.686118788 17.220789567
21.605120789 6.744096771 17.612410399
24.52185824 7.753218085 20.422057644
20.897053844 6.478008167 17.195159381
28.74418907 9.033416287 23.622450758
23.895033732 7.586920774 19.757232802
21.725026543 7.038931867 17.918601425
21.940478426 6.944297807 18.289577047
22.525652846 6.946608377 18.720462232
20.936949212 6.007901972 16.028050859
31.008230845 9.755662881 25.540283907
20.239808961 5.979746493 15.894329785
27.380326636 8.658156188 22.5790091
22.383471001 6.817274956 18.246828765
23.325570517 6.978321753 18.00199977
21.015685564 6.649012743 17.61067634
20.643064575 6.386650912 16.820155935
23.068109545 7.357750907 19.297143456
27.630909315 8.492831584 22.968205849
