0.326738074 0.070495066 0.273692497
0.313997408 0.070453878 0.291125781
0.379134854 0.077528813 0.34542392
0.338893517 0.076148463 0.31581547
0.45334112 0.09643152 0.42311743
0.337748925 0.079498161 0.321254076
0.30165638 0.067741345 0.283345807
0.326049051 0.073084661 0.312858092
0.360838464 0.08134248 0.339470756
0.365425075 0.080188034 0.328597775
0.357894105 0.078882002 0.331223741
0.336656489 0.075707935 0.315525794
0.338835895 0.075711016 0.30507302
0.31872988 0.071118548 0.286319014
0.304548189 0.071208733 0.292104794
0.331728464 0.075186239 0.313120606
0.347435492 0.067041865 0.269961656
0.299650541 0.067163502 0.272501205
0.361025684 0.077145492 0.453030258
0.304548929 0.069442184 0.388484585
