1.927705762 4908386 1.085681114 2891422 1.743634341 7139611
1.624127274 6595038 1.13053248 4058469 2.294617929 9419269
1.627999516 6964596 1.273865493 4414351 2.362938283 10926936
1.868461798 5691068 1.171521975 2930828 1.881089657 7643463
1.532957263 4878713 1.034710333 2681369 2.17235704 7241688
1.404698438 5047639 1.146304746 2961419 2.010009347 7215089
1.227074841 3620253 0.949647478 1779535 1.547811125 5304235
1.093124796 2688269 0.92483719 1541810 1.480395625 3916637
1.496946115 5954700 1.159320971 3032533 1.785748302 7914041
1.653035112 7314497 1.24921702 4239024 2.294427164 11197987
1.471128239 5315178 1.088741543 2992180 1.949450051 8259723
1.47269366 5473825 1.128944677 3348496 2.060019173 7957001
1.501996609 5226161 1.150068898 2962142 1.90316872 7925064
1.723443018 4991469 1.101283067 3067405 1.775624162 7329149
1.891578519 8892476 1.255294957 4977569 2.535841113 12779656
1.294263166 4224944 1.032121302 2508027 1.595523535 6254503
2.003341863 9267726 1.220695105 4959209 2.513890671 12779791
1.308548411 4012869 1.023794822 2204524 1.528309872 5550845
1.445230383 4963806 1.100719163 3084039 1.829315627 7633266
1.817591766 7919961 1.339869822 5098592 2.487436731 11725284
