18.20189462 146641704 9.344968296 87341511 31.710547893 226440620
18.59630503 143335290 8.922307714 83103838 31.844338575 219447945
24.880221262 190705124 12.884822171 120101635 37.808820522 252899166
20.00354894 155490106 9.457161469 88610854 30.745873051 217711843
17.891674823 141028968 9.209601516 83705949 29.868254284 204097825
19.129461435 144959361 8.821919484 81768981 30.529551436 209122377
21.200084173 163904800 9.584279764 91203168 32.480614637 233972142
22.299678078 169449105 10.369150961 98840329 35.701171773 251739309
18.295649852 140670794 7.959444723 74531516 29.166047694 204738137
20.281255971 165038521 10.036382368 93898702 34.339136928 242308976
17.073544574 126568778 7.944624927 72503236 28.840155244 198529206
20.501115666 158402316 10.612593154 100184014 35.113927777 246421693
19.359755347 150661043 9.657973796 89191595 33.388598324 230447319
20.482976853 163663140 10.196246484 96346095 35.741516026 247864954
17.226840575 133376186 8.473551245 78817420 30.520506521 210787496
19.932589802 157967144 9.448394942 88919068 32.159668269 227365351
22.409810018 177592537 10.343416374 97885484 34.386276951 244464832
19.853416704 159219920 9.279679473 87370694 31.939730269 227574863
18.512221588 139985323 8.378509494 76978614 29.821626612 203916395
23.870848468 190733588 10.587509845 101631313 38.237235259 270157604
