38.464791811 141792339 41.342793231 189040620 34.083050949 63711245
36.642741848 110944020 47.649834475 189012806 38.252483348 63733993
38.653164185 124442466 43.531236526 189065027 35.990386862 63703268
40.907256778 164611845 43.1316981 189000635 33.794594446 63719367
38.490803632 136555289 42.274176168 189062698 34.25235892 63701855
39.791443757 162126578 42.201837943 189057368 34.174383064 63701283
42.247602207 157453050 45.629167685 189036484 36.867260207 63735624
37.070355227 114777072 43.765174039 189008288 36.635131939 63755778
38.830493381 114665786 41.144206248 188949285 35.187744416 63759738
36.606771462 127507466 41.740697962 189059583 34.087169332 63707561
38.886719722 129975547 41.607928794 189014294 33.355028256 63715103
39.415769531 133040013 45.685359108 189016083 37.774878855 63700924
38.232610155 110299925 43.077492164 189080049 35.42092961 63676847
39.541643405 116980736 43.687707456 188940066 35.326334862 63792268
38.29707582 116724588 43.198917373 189089470 34.153662882 63674095
38.27018996 121588022 42.820176274 188972512 34.610282043 63776070
39.471099951 143972462 45.248317276 189018184 37.380866771 63711755
37.296335335 105681380 42.554772457 189007682 36.046955744 63738857
39.544859749 147415025 44.396830511 189134167 33.48243965 63648105
36.643185304 119657444 41.584788764 189034490 35.012320345 63743448
