6.093278251 43424035 3.703300691 31173976 8.433279543 53921796
5.849088452 40790288 3.670246137 31204786 8.192452071 52918400
6.017348069 42545573 3.683817194 31469304 8.209010684 51669797
5.957076775 41330088 3.737838468 31369996 8.412932384 53247117
6.25493449 43616292 3.806060872 31984723 8.380877352 53285613
5.886093699 41265254 3.693887731 31146604 8.328746643 53129496
6.060625613 42802560 3.796498149 31551792 8.606937859 55313669
5.861898057 40726352 3.75334874 31572731 8.362304104 53096076
5.995876959 42129723 3.733217749 31369579 8.279449924 52461490
6.079822241 43164091 3.769386783 31709638 8.36618541 52768644
6.113313993 42812348 3.740795853 31691713 8.38213147 53297222
6.110487164 43685669 3.698625994 31227183 8.567928578 54610672
6.284933966 42568639 3.879925329 31877987 8.474809199 53353045
6.461708872 45457870 3.7238055 31340587 8.573810261 55485835
6.144265989 42070220 3.951246599 32463182 8.333575411 51986084
6.142095039 42391221 3.857778492 31463203 8.304018629 52818905
6.359148775 44209049 3.767521787 31564572 8.455294989 53180029
5.995191488 42980010 3.625878102 31198771 8.499507791 53950432
5.998274352 41937329 3.76535297 31674959 8.487067987 53231516
6.171709689 43366284 3.713695049 31222153 8.475984675 54637050
