4.909363045 40497749 3.28165187 35165581 5.731987858 48958367
3.953927835 39904158 3.259545534 35190688 5.512307275 48897630
4.650575915 41856705 3.228206842 35153501 5.642034863 48749485
4.563232285 42711598 3.245087664 35140086 5.64687013 48668684
4.561446936 42794098 3.287525596 35159275 5.720078818 48650532
4.491550782 41944154 3.296260922 35076964 5.679762694 48561565
4.590244545 40075728 3.262044211 35225984 5.805419908 48835710
4.281299706 39280378 3.243049699 35272140 5.50949371 48750640
4.514741293 42540722 3.247585111 35111528 5.762366259 48780071
5.113435905 45879335 3.254669425 35147029 5.801580468 48941402
4.47739624 40088477 3.204623235 35272800 5.421444652 48781733
4.378663164 39893527 3.250259017 35155326 5.656825315 48676669
4.567836034 41552606 3.265423764 35195810 5.61134659 48526714
4.580723154 40969701 3.260734017 35219906 5.767476338 48618825
4.350355005 40542289 3.233084308 35264032 5.448349513 48940819
4.597896065 41440386 3.503352706 35258229 5.677990043 49000866
4.641154443 41596605 3.287027199 35025228 5.598796866 48783885
4.832868023 40124246 3.299752921 35257865 5.68068783 48485025
4.691419004 41279169 3.235499212 35144771 5.430292737 48673338
4.600256637 39923124 3.309795996 35305924 5.666950972 49031692
