24.854755817 183693562 16.880599557 156731398 27.628880322 209334067
22.399724399 175705269 16.860519695 156640809 27.44249683 207702944
22.783434365 181520593 17.081945748 156854923 28.146531463 207647966
24.518899842 187542635 17.480992494 157777083 28.105094868 208849994
22.3654393 175800483 17.111665593 157264995 27.465245664 209082889
23.126084942 182445884 17.597103521 158025544 27.705636958 207692866
22.834062121 178299902 17.133209388 155854644 27.718114431 207124490
21.652768835 182380080 16.9567467 156153771 27.904408593 208898661
24.488172278 192614470 17.326478908 156754053 28.11669722 207520552
24.600153985 192712828 17.083188539 157456489 27.817410693 208444074
26.322314655 190595912 17.11657173 156826028 28.664869909 208742479
21.600193658 181318456 17.447853035 157376565 28.705781817 207588638
25.314381061 188089558 17.251015676 156775904 27.932259559 207777870
23.589415477 185249754 17.379597221 156684407 28.090612501 208813969
24.093384849 184742050 17.282802237 157701080 28.244041528 209255393
22.891462361 183760158 17.671568957 157670994 29.820674416 208433156
24.156870991 191529609 17.674585313 157280979 28.88127658 207138583
25.422256263 189037474 17.927415532 159111551 28.993847157 210292341
22.931537013 182737500 17.425978224 157730475 28.359769844 209472854
25.123525713 182499411 17.64517156 157641993 28.284264543 208354071
