69.852355052 545644180 54.755768009 472108378 88.396436938 637388721
75.845832459 570104574 55.792861146 473158675 92.648340483 638387166
74.586115471 568624497 54.987312266 469993489 90.385935543 636959625
71.589091744 539136771 55.181333044 471532175 90.077278489 636624562
74.331157919 560778630 54.568141091 472505843 89.623259697 638371901
75.01519859 555942382 54.399075544 471396964 89.596286564 638763870
78.030780563 546341454 54.742150106 473324616 93.074131019 639961378
78.717515118 590638330 54.68691158 469200939 88.299543072 635125955
72.624843289 524117839 54.908591397 470793742 88.897984422 638812307
75.289867773 581160958 54.15662548 469512610 89.175633989 636078849
62.376668743 522236362 54.231880695 470173014 88.366791743 637830890
74.022001839 552905225 54.345798952 467392030 90.928959482 635348387
72.012568076 566571280 55.776698263 473330955 90.334988503 637523624
66.580319079 534644601 53.669902179 468485970 87.980573741 635485247
72.226528801 559250609 53.699372839 469887088 88.725777244 636780139
72.638266866 546657993 54.463644663 472896939 92.04126544 635346711
72.730708455 545549844 54.965652041 469903217 90.944765394 634399893
68.789312683 522423265 55.490257185 474126035 90.367951593 638008157
78.349921151 599383036 55.687949817 472368282 89.638228762 635563940
65.240907286 544997205 54.833008208 472061387 91.171658992 636248922
