0.57737308 4534240 0.532111405 5177347 0.563627878 4196921
0.584679873 4808240 0.51867063 5187698 0.566980514 4232952
0.596222471 4939216 0.586499776 5185118 0.600801902 4230716
0.635957347 4675168 0.542998536 5162264 0.594901094 4165460
0.592859635 4768635 0.544272262 5202095 0.560961953 4252006
0.555768452 4579503 0.519583189 5192254 0.567437982 4195207
0.570885744 4865372 0.515688264 5158888 0.585046276 4219134
0.604910115 4509987 0.52825479 5150995 0.616429622 4146446
0.595396363 4806240 0.557829017 5177264 0.561978133 4231798
0.547690952 4740013 0.524184988 5185350 0.576081383 4231031
0.603445166 4660496 0.56381241 5169935 0.648673578 4197871
0.638068309 4494612 0.534003784 5162948 0.568153976 4189016
0.551800058 4830365 0.518149306 5186504 0.560861274 4220033
0.61372689 4981334 0.521585521 5192043 0.594077396 4193465
0.596308283 4631522 0.546279658 5172594 0.606115809 4189928
0.627380051 4839145 0.557592927 5171859 0.644776367 4185663
0.592763647 4650802 0.524503589 5184486 0.598514555 4214293
0.587748002 4890020 0.535241077 5149648 0.560274371 4204408
0.575501858 4474306 0.559826883 5154117 0.585384571 4204704
0.577439559 4623741 0.514957551 5187548 0.587032989 4246125
