9.883220549 80814601 6.217107329 63120581 12.616485328 104993918
10.260746385 86080331 6.168276908 61212006 12.415700383 103318849
9.451137174 79367931 5.948230899 61638896 12.256747703 104353059
9.160782078 78879384 6.140882751 61985326 12.399296324 104792094
10.259225385 84599201 6.061277899 60953314 12.507973878 103516099
9.412847886 82800438 6.02746909 61536048 12.288773274 103662146
10.639736307 83024970 5.938226171 61693571 12.423863228 104834463
10.146450121 84573544 6.306801777 63056984 12.859637331 105450028
10.147042266 86179430 6.204830011 62170780 12.863946878 104735237
10.553045442 84985656 6.203369988 62437054 12.421865579 104556494
8.684574186 76696342 6.847397428 61454502 12.20043075 103355948
10.080971756 86956733 6.409937723 62516685 12.763370447 105256845
10.316788626 84811253 5.938822046 60422854 12.317332662 102521347
11.610516573 92955850 5.975075181 61561338 12.16804694 103910150
10.715694663 84485711 6.065463014 62480228 12.415474318 105631191
10.433711447 89092084 5.941796197 61315558 12.49585595 103413467
11.472786775 95922498 6.155743657 62994738 12.884532964 105632610
9.580269508 81961392 6.100316146 61710946 12.653983252 104271924
10.439711982 81539017 5.995491186 62342767 12.292758016 104854292
10.024131755 86932273 5.929209289 61675107 12.362404734 104385476
