0.07672915 562143 0.035126861 346777 0.07805585 718553
0.060090796 528003 0.032352845 340169 0.073119214 721052
0.051536249 500598 0.033711924 333126 0.077006634 703859
0.042119235 432462 0.037546195 339016 0.080225817 719824
0.062155922 527068 0.032120544 342033 0.072281872 712420
0.052943121 516124 0.035689913 334863 0.077650791 701633
0.052468567 527280 0.034808957 335856 0.071387395 707063
0.051280609 505441 0.03481218 333714 0.079372652 696791
0.045564631 452437 0.036609479 340917 0.078974303 707548
0.053505213 555629 0.033978916 338939 0.071194711 723720
0.056881695 558832 0.036039156 343041 0.078875657 711639
0.079012065 562516 0.036898805 352791 0.074613517 746792
0.06419261 623350 0.032503924 339712 0.080737934 723956
0.06493219 530537 0.035750624 339619 0.084055338 712138
0.070542044 565532 0.041756273 337139 0.08271736 686118
0.062168054 484688 0.033700114 333272 0.079993303 700668
0.061140709 528708 0.037952575 349488 0.093770668 723412
0.075519987 564262 0.040381331 357958 0.073673384 751270
0.061431516 509323 0.035743975 353090 0.135486834 721115
0.05944204 550167 0.033058641 326042 0.079066229 673137
