0.005479314 951 0.005824181 758 0.005095158 999
0.005328215 738 0.005872418 570 0.005889549 735
0.005562327 630 0.005288678 664 0.005447522 633
0.004755546 1350 0.004745504 984 0.005358048 1552
0.00548602 1543 0.005424871 1182 0.005795264 1733
0.004566726 430 0.004451556 423 0.004985596 410
0.004920413 536 0.004440476 428 0.004889438 508
0.005121738 1036 0.004856961 696 0.004971461 1191
0.005791601 192 0.005805177 156 0.005608317 248
0.005235606 458 0.0058249 336 0.005444391 566
0.005669208 480 0.005208686 426 0.005228235 546
0.005928934 1800 0.006212564 1427 0.005898499 2721
0.005461798 1787 0.005642769 1528 0.005551018 1855
0.005334029 972 0.005538234 784 0.005323527 1080
0.005820018 604 0.005383269 496 0.005143026 659
0.00532034 1050 0.005742399 770 0.005462738 1205
0.005555165 992 0.005023207 634 0.005591156 1024
0.006047471 1345 0.005080661 930 0.005584632 1701
0.005402696 1689 0.005193188 943 0.005119078 1799
0.006232312 1112 0.005593246 912 0.00531279 1230
