0.349851378 0.069359485 0.304163178
0.236082125 0.052340694 0.215451719
0.257292492 0.054625302 0.215353466
0.3218929 0.061472263 0.246606663
0.228459924 0.050318371 0.206924296
0.250955953 0.056952511 0.227607739
0.20591438 0.045122602 0.185313223
0.2266984 0.052547412 0.208279558
0.270446308 0.059405992 0.24820589
0.266931695 0.053427235 0.211497544
0.298889807 0.066022107 0.278808071
0.382784644 0.07756421 0.312459204
0.241311642 0.053312721 0.222531586
0.253370965 0.052521917 0.205393103
0.233401157 0.05143249 0.212585766
0.335219933 0.06868263 0.273715493
0.217651738 0.048378985 0.201324288
0.245812987 0.047403555 0.183477707
0.260283893 0.057669584 0.241091119
0.3626315 0.077835041 0.314923891
