5.578233599 44798785 4.134657219 40210089 6.004543693 47961027
5.383552352 43644049 4.203223801 40063551 6.069590419 47911072
5.739133405 47190638 4.055322937 40399944 6.059435218 48533352
5.61439954 45511416 4.225522653 40730955 6.102760386 48289791
5.432632812 42919538 4.122069683 40122430 5.972857505 48042282
5.223171562 44227456 4.036686209 39957284 5.947213183 48035690
5.422438671 44302268 4.107829683 40471552 6.030870211 47951124
5.265185339 44521285 4.097096086 40185422 5.980142058 48215799
5.805066606 45935772 4.063868927 40124522 6.032780476 48417654
5.211824573 45420646 4.143194995 39971929 5.941678149 47942173
5.208179382 43697722 4.057086373 39972436 6.022766051 48157450
5.630357727 43905799 4.171839813 40501413 6.189221478 48354932
5.791884115 45802442 4.158055304 40517669 6.132369764 48449207
5.198544362 41835566 4.030532601 39856682 6.028605596 48075087
5.31550058 45390171 4.131295066 40286444 5.985861889 47855281
5.563632624 44773821 4.108688986 40620105 5.963891076 48078276
5.263749919 42807540 4.06317582 40230602 6.073103654 47972462
5.360310478 44786156 4.041860525 40223708 5.985127794 48489940
5.742662559 45176054 4.124542609 40244873 5.946842471 47724612
5.43872115 45213364 4.147341692 40558988 6.147044391 48417404
