64.777025464 415785146 58.966774775 458705674 64.271189075 369846500
64.451658418 427901394 59.709757562 458914282 64.203757134 370051708
63.15392225 424472220 58.950684833 458689076 64.204394081 369913940
62.081116243 436071646 58.561641418 458822484 63.540222844 370858278
61.827682207 405376206 58.476019493 458565398 63.287912009 370845308
61.961825196 417724034 63.593789616 458509690 69.457088508 369957450
63.301874012 434321467 61.242720537 458831961 66.551201459 370197244
64.290072872 404699549 59.471338213 458899074 64.683465279 370610463
62.702253804 422493329 57.967769004 458446591 63.17146619 370596931
61.004683448 424718561 58.279484461 458703175 63.216683264 370234035
60.980014034 426247218 63.54002744 458482316 68.681173044 370167836
64.449129186 414510089 61.375837874 458620963 66.775728622 369975249
65.973073649 417986646 60.400395598 458631631 65.715588102 370328607
62.572472776 402208835 59.764855596 458272385 64.61621873 370289207
63.524413209 398216846 59.24195595 458749310 64.035510629 370124518
60.787664504 410002270 62.155190037 458482538 67.291665374 370321920
63.255516521 404353331 60.829644064 458371553 67.163028743 369824129
61.682851474 417839908 59.67333218 458435896 64.54851295 370380486
60.642209568 419802128 59.290944302 458525206 64.061028284 370419204
61.377789637 414389917 60.437662756 458422667 65.667435608 370030091
