8.706884367 2.588283508 7.124295687
7.746527365 2.408477541 6.431276574
7.406177754 2.209051019 6.105847929
7.860271829 2.38877398 6.564981833
8.976634379 2.87344933 7.395072887
6.32764197 1.937166658 5.296978561
7.742005012 2.424334414 6.494689287
7.901891433 2.438325573 6.594111212
6.767523585 2.129701594 5.60106058
10.02801249 3.106610362 8.340467844
7.384630382 2.253804176 6.236469105
6.248758386 1.945999784 5.300086631
7.659322785 2.417415403 6.543025399
7.276995868 2.213887607 5.940800705
6.918737895 2.107612488 5.694971663
6.963060845 2.216237785 5.803638733
5.986130581 1.774484499 5.170250036
8.14479695 2.482729158 6.972572308
7.084847712 2.183185733 5.954042782
8.088775708 2.343746585 6.213056084
