0.004501976 22 0.004612127 23 0.004219253 20
0.004486328 0 0.004839804 0 0.005021389 0
0.004705563 108 0.00440954 99 0.004630254 120
0.004695951 24 0.006109747 23 0.005188911 20
0.004630232 0 0.004200266 0 0.005262099 0
0.004231616 0 0.004904205 0 0.00435949 0
0.004184298 0 0.003958819 0 0.004454727 0
0.004234299 0 0.004603997 0 0.004609723 0
0.004373538 0 0.004707509 0 0.004891818 0
0.004597377 0 0.004701939 0 0.004712509 0
0.00450017 0 0.004405312 0 0.004464993 0
0.004322832 30 0.004778505 16 0.004759433 42
0.004139124 26 0.004234108 16 0.004404971 42
0.004649133 23 0.004885781 23 0.004412636 20
0.004847997 0 0.00420008 0 0.004262895 0
0.004074397 185 0.004721485 147 0.004553292 246
0.004249873 179 0.003983485 132 0.005015941 319
0.004553818 32 0.004102937 44 0.004468437 16
0.004437991 0 0.004246566 0 0.004227803 0
0.004365085 0 0.004385865 0 0.004337377 0
