0.254201556 0 0.225721989 0 0.259497096 0
0.241763463 0 0.2299497 0 0.246240063 0
0.243867982 0 0.221578863 0 0.24916894 0
0.259019157 0 0.243664498 0 0.246473954 0
0.252521781 0 0.241306426 0 0.249956197 0
0.264009198 0 0.212461967 0 0.247737835 0
0.241704459 0 0.240530877 0 0.244120503 0
0.232261477 0 0.225792424 0 0.247280306 0
0.26180995 0 0.252539225 0 0.255708605 0
0.248507531 60 0.222756902 18 0.242471919 116
0.238276318 0 0.222962085 0 0.229826456 0
0.249660506 0 0.23239 0 0.232857767 0
0.262788682 18 0.218587081 43 0.232416061 47
0.245071142 0 0.242168315 0 0.24126108 0
0.258366124 0 0.223677069 0 0.244144692 0
0.25108045 0 0.223106504 0 0.233600191 0
0.2415488 0 0.229631158 0 0.24708355 0
0.254192223 53 0.225969048 34 0.235576402 48
0.25237166 0 0.22263923 0 0.236147169 0
0.271115276 61 0.244815631 19 0.261880028 112
