38.677220448 274042432 16.827763833 155885917 63.485123945 419724135
33.201258337 261298470 15.336129195 138492021 57.575870839 378511500
35.462115582 266052435 16.639144123 153212261 63.547046197 423517080
36.409012851 282113129 17.291289098 159238723 64.577366409 426999340
31.161030861 240235549 14.671200898 134295446 55.176865847 369006890
35.414865158 266088105 16.814915482 151210322 61.970984148 410904437
32.795393349 254213313 15.975862926 146158169 58.680494412 392735328
34.638696905 250371769 14.587572121 134251496 56.720058769 376518948
43.714325728 315004379 19.23707592 173751905 69.49370358 448250096
33.284761622 241946967 14.843849397 133185039 54.364804072 364480118
31.827286864 241299345 14.037225079 126767907 53.80204411 367106262
27.37500779 217073534 13.628454496 124490278 52.118618937 356376317
42.915332219 314040241 18.558618505 166615476 67.012993056 437697123
32.086218648 243981007 14.1512871 129727530 55.705775596 375726012
39.621842511 297264407 17.803424199 163013085 67.666835621 445171564
35.612703017 262227137 15.091529726 134819515 56.247111027 378543199
36.098509606 256522166 15.821827402 134889890 59.340286886 379550492
36.150711072 278061208 16.461422788 150676472 62.378443567 423972719
33.515505447 260682775 16.397178591 149199097 59.492852742 393424326
40.461230466 299116865 18.218210638 166263950 67.470267448 441277564
