0.86788476 343115 0.689609678 182807 1.042953553 488121
0.810189604 394294 0.698678779 188274 0.863287616 574591
0.78284241 128754 0.728776158 72649 0.761874383 189664
0.859013876 488080 0.74112531 281869 0.890122735 669396
0.774594996 162963 0.754736151 88259 0.911050958 231106
0.83566021 573049 0.685099079 304284 0.928060097 951760
0.887578893 1249294 0.845917834 774359 0.991324308 1809116
0.831167572 293937 0.738168775 156342 0.82052266 426308
0.840624537 621546 0.741686188 324632 0.893606729 931294
0.75282272 190362 0.686600366 96371 0.802899098 260451
0.813857978 352512 0.75017866 197072 0.882169547 536166
0.863527563 298868 0.701326976 161466 0.895694817 467763
0.799530789 343799 0.686068205 176782 0.94320075 514410
0.819617519 702198 0.778661254 396180 0.915740353 1096628
2.226051274 573140 0.7932737 367078 0.963737436 777560
0.810346391 282922 0.746471259 166045 0.965861006 422948
0.810826974 793911 0.774054565 504284 0.908205007 1063062
0.89623247 773656 0.755189176 390763 0.937425159 1126823
0.840790831 400778 0.764051087 234541 0.894918833 591993
0.837601061 381944 0.742140095 212654 0.918163458 577543
