0.074589696 70036 0.034658206 41338 0.037451479 109280
0.027615507 87892 0.015610975 46628 0.028317217 117447
0.020878292 55106 0.00685167 34817 0.01334408 88545
0.033414353 110392 0.017241454 58923 0.04076642 156630
0.029416049 83765 0.01651072 47085 0.03241091 123025
0.021195807 65987 0.012195792 36026 0.02387375 92597
0.022203055 74422 0.00850241 39362 0.024828562 101487
0.013338425 87277 0.008331603 50247 0.019287613 131899
0.013326842 87199 0.00856747 47998 0.01907778 122279
0.013314873 90865 0.009016683 53066 0.016830301 139129
0.010498505 74753 0.007683352 45533 0.016657582 117929
0.011009487 74298 0.00789564 38370 0.013544463 98346
0.010158925 63417 0.007801555 41917 0.014808477 106786
0.013296842 81881 0.009346045 53461 0.019069253 141713
0.009662327 70926 0.007450212 48275 0.017159077 122797
0.014796282 104348 0.009863435 52163 0.020525192 132959
0.00964482 57065 0.007640217 37923 0.017488728 97876
0.013152941 66790 0.007085311 37034 0.015248256 96142
0.012093112 74659 0.006989708 39447 0.01474632 102997
0.01368396 99894 0.009057991 52150 0.020081312 141287
