1.463020231 11883309 0.651174523 7210908 1.820455989 16343587
1.277360648 10630503 0.665787705 7315355 1.804327638 16351173
1.234763931 10868938 0.648416588 7307057 1.799053298 16405753
1.218795903 11227438 0.679450871 7220794 1.831316673 16172892
1.368003935 11110331 0.780952684 7324336 1.90365015 16360307
1.320945787 10449396 0.825248725 7575842 1.97836575 17103724
1.366625344 11981726 0.809046997 8310160 2.027650626 18503956
1.253993383 11897250 0.655222707 7314131 1.795553035 16424689
1.305890852 11606106 0.757021342 7212348 1.833072731 16147740
1.375030762 11816657 0.826008149 7921045 2.065801729 17900715
1.749957406 14683968 0.829393257 8070558 1.978167876 18080845
1.259192351 11149546 0.662462617 7263178 1.79618114 16171942
1.441909226 12951323 0.645522422 7207120 1.803861606 16361741
1.483940027 12923141 0.846623616 7954922 2.025000827 17877283
1.310653788 11219524 0.941169938 7718613 1.90389852 17391868
1.608395472 13621422 0.709365086 7761284 1.917539073 17397522
1.306847963 12301790 0.713021054 8201989 2.301014168 18501848
1.566831467 12692232 0.808179119 7511932 1.925700383 16854552
1.376755084 11624562 0.764117871 7533000 1.859552393 16804432
1.354659451 11228366 0.696172576 7721663 1.901710924 17268711
