1.179293179 9605528 0.752838896 6698709 1.404369852 10204095
1.358530102 9703560 0.820204401 7162778 1.560030688 10667752
1.314173472 10016786 0.903850063 7687652 1.535448471 11534345
1.304365356 9771992 0.859765255 7790920 1.645705383 11865829
1.349585935 10307641 0.889473218 7544346 1.541415441 11486799
1.170849628 8844686 0.789112746 6904810 1.430360541 10421378
1.535241088 9711234 0.853721818 7552511 1.509667547 11226334
1.020012936 7616643 0.702715374 6267643 1.361220246 9869799
1.247681927 9268252 0.87685968 7628162 1.676820474 11262157
1.237664386 9033986 0.809564409 6902624 1.453005953 10720392
1.565654957 11996115 1.030547008 8730971 1.738155035 12672161
1.18482429 8025976 0.779766207 6579057 1.434018544 10251374
1.268111404 9209241 0.93396045 7369673 1.493643301 11037081
1.448939172 10092436 0.901105164 7825794 1.603008699 11695633
1.352839526 9696765 0.859355262 7315871 1.565460133 11392757
1.243695652 8570742 0.82876255 7219253 1.569644038 10831595
1.206444704 9294875 0.794410347 7193546 1.671889408 11175277
1.164268203 8641179 0.78707239 6841117 1.409171998 10137936
1.209240239 9043272 0.768043432 6870510 1.482081998 10792789
1.461693675 10368073 0.979771628 8370631 1.755878394 12488200
