0.008149026 523 0.006482591 489 0.006916348 678
0.00629695 22 0.006571022 23 0.006142694 20
0.007478876 592 0.006687906 382 0.007355781 874
0.008431594 122 0.007201414 61 0.007420258 173
0.00760282 32 0.006994555 16 0.00756808 42
0.007148377 103 0.007527515 71 0.006633256 146
0.006988583 425 0.007257312 495 0.006648211 338
0.007037757 0 0.007182042 0 0.007016164 0
0.00670206 98 0.007876279 71 0.007636869 146
0.007684868 198 0.006524769 149 0.008199173 273
0.007859076 1256 0.008053332 1093 0.008389652 1169
0.007325488 52 0.006997797 39 0.007503003 62
0.007409271 956 0.007063485 659 0.007513416 1291
0.007773787 52 0.006782111 39 0.007005995 62
0.00771146 242 0.007618544 142 0.006626541 292
0.007585456 589 0.006699545 367 0.007716353 741
0.007408304 140 0.007500144 80 0.006923828 210
0.007297092 23 0.005948841 13 0.007240762 47
0.008543513 308 0.008634098 232 0.006832232 348
0.007293398 0 0.007172223 0 0.006537668 0
