94.019142639 511611761 98.909057523 627088585 91.811873308 371218931
96.636707305 490841472 98.874814697 627195272 90.892690959 371161396
92.733893622 496038765 97.982247077 627177066 90.556118536 371058815
95.007948815 529531183 96.305087926 626892110 88.594524835 371286373
97.023929106 506172638 101.464532381 627145474 93.330448924 371232513
95.036653499 498052566 99.4909399 626960514 92.381825312 371282020
96.348914366 485393990 98.583632399 627008844 90.109946447 370882116
95.563281768 483846889 97.587173548 627163261 89.286839153 371367443
105.404474656 560121114 106.61649942 626939302 96.353964493 371168543
95.471601107 441639726 101.217334336 627040189 94.22047313 371426270
96.852322753 484135087 100.114150596 627037061 92.196423364 370929278
94.307556551 504851824 99.64382425 626678900 91.701379804 371136616
95.271843369 533018255 97.937252103 627447095 90.621407101 371250325
97.336118641 476056849 102.038207324 627230579 92.844826699 371315484
97.38774569 499036184 99.70029229 627055405 91.167340757 371046334
95.627423983 460095964 97.868887364 627072066 90.26995065 371140807
94.384209248 493046454 96.510261972 627249710 89.287495892 371121529
101.937131285 488651502 106.502515039 627180429 94.889721316 371039347
93.54711403 484836673 102.579186589 627007585 93.290326977 370992755
94.083554753 504371882 98.034031923 627235697 91.297112436 371246648
