7.544617383 53133153 4.221048744 37884096 10.707059358 67984200
7.717667139 53205120 4.230544773 37884829 11.178284518 67418068
6.997751364 51208942 4.107953461 37796773 10.249956811 67339560
7.471711748 53803893 4.202895814 37962865 10.269174897 66276901
7.009348481 50335048 4.135446757 37551108 10.318391649 65607848
6.722489842 50930000 4.155321602 37734838 10.454318963 67008375
7.432237438 53653287 4.253007526 37953141 10.676763778 67756839
7.176414452 51360037 4.271617171 38255151 10.530670794 66034631
7.323039881 51120985 4.216263598 38008391 10.946008373 66233814
7.540977831 52166758 4.268536195 38238993 10.59850329 65050406
7.327213685 52308264 4.196737636 37961487 10.619337849 66504976
7.261942608 51782765 4.177400039 37983566 10.041787132 64734938
7.067881799 52634984 4.160615586 37777101 10.189347499 66227969
7.378263117 51536934 4.216822666 37915007 10.60396109 67183396
6.997760003 50183461 4.214747267 37965043 10.615186448 66481775
7.377816764 52288232 4.199845251 38073036 10.614976482 66730618
6.829290355 49821775 4.181513016 37959528 10.623798104 67315504
7.446308855 51112788 4.338674781 38403940 11.064852623 67091683
7.156843536 51933498 4.205988824 37921127 10.716510119 68538640
7.242546492 52704923 4.234996729 38210919 10.621726705 67411944
