0.014098517 76350 0.011529017 54135 0.015557542 80337
0.013936154 72525 0.011116511 54162 0.020143584 83727
0.013278459 61970 0.011149109 50998 0.01756251 78968
0.014966028 72824 0.011902435 56509 0.016027099 82571
0.019373966 105738 0.016588187 90684 0.020378578 120671
0.017301694 97385 0.01354786 71611 0.019863117 109787
0.010774979 45378 0.009703912 31930 0.012615652 54700
0.015271819 79743 0.01293264 63585 0.017225211 94043
0.011491702 49916 0.009801007 42725 0.013460297 55595
0.012795429 58070 0.009260814 44485 0.01267027 64890
0.013986357 77151 0.011149512 59009 0.016233551 90848
0.013183664 69695 0.010703975 52577 0.01424197 76557
0.013103385 68709 0.012222953 56495 0.014933469 80986
0.023624085 157810 0.017755242 123171 0.026231526 177326
0.015028206 80716 0.014190649 68596 0.019223971 109192
0.018137292 88943 0.014372614 80760 0.018696756 97801
0.012696443 51838 0.01015383 44646 0.013826912 62583
0.013362991 66966 0.011820891 53286 0.015067443 75198
0.023406318 157073 0.025298547 137992 0.028585176 185891
0.017115272 92684 0.013417246 73455 0.018983935 94359
