0.444776801 8684 0.384381817 3929 0.415680296 13769
0.396080225 2412 0.40764586 2104 0.412911386 2814
0.410811665 16270 0.373007756 10102 0.40383991 24060
0.410223976 11173 0.339874268 7425 0.362586262 14440
0.373814475 13585 0.36450458 7347 0.386052041 21191
0.401348552 23645 0.404644306 17876 0.40306825 28858
0.421711499 4493 0.358628047 3668 0.367548686 5266
0.390930872 26253 0.369336989 12883 0.373734704 39921
0.4094164 13385 0.376311115 8754 0.374595761 18681
0.401439298 13689 0.38294932 6158 0.400126163 22240
0.382285914 3735 0.348900585 2083 0.379458398 6660
0.419363775 13169 0.355823332 8858 0.365092745 17277
0.41039084 10846 0.387829835 5617 0.365315273 17021
0.391464948 10669 0.359774491 7377 0.399531489 13170
0.406988473 16935 0.350941232 9646 0.357152874 23978
0.385241692 32548 0.354326185 17342 0.365862534 47432
0.403684845 12623 0.355088274 10922 0.421036022 14929
0.401269728 22011 0.338142901 11239 0.368394051 36131
0.467002547 20532 0.350883376 8585 0.376550915 34428
0.444072633 13863 0.397761306 9892 0.4027688 16845
