55.380985282 408048838 33.742220906 316786128 62.81231226 482364805
47.090682712 385852159 34.679037108 320147385 63.736938567 483979723
48.447382723 402746002 34.588383296 317492011 62.910538304 481159173
51.393544239 401106680 34.585433648 319618091 63.130459641 482385654
51.459369184 381781438 34.610904854 319034786 63.795323999 483644037
52.947526912 405278940 35.335263921 320870237 64.695879693 482819574
49.30455362 397744960 34.334500417 316746249 63.24616667 481085665
51.301099728 415377082 34.923378793 321610882 63.356312862 485884298
50.674997247 414075887 33.683944189 313914772 63.059152634 480380111
47.908309728 394155520 35.22974172 323529298 64.250010002 486491352
48.514767895 405313170 34.617949678 319219728 63.627193667 482339450
48.631508114 395536314 33.645109332 316335438 62.235102889 480532753
53.875935961 419667740 35.991294989 319920286 67.214820723 483244944
51.085656975 399762014 34.541179313 318820280 63.444353868 483349350
48.340671907 406595981 34.923891524 318556919 63.493270375 481797343
48.435472724 397097664 34.947805818 318377539 63.619390238 482506428
48.88982118 406033041 35.048517009 318692559 63.905851567 483297684
52.827545249 424962304 34.250408022 316989119 63.660078268 478236271
45.712052705 378189388 35.215772805 319771762 65.818146213 483174780
48.712113783 394943032 34.876393173 319060268 62.92150845 481207289
