939.400881495 2168658649 982.426887898 3118131761 845.224872929 1051456528
954.710393388 2041713889 1033.891660119 3118295004 886.06896245 1051059939
969.029068571 2373674238 999.859233174 3117968613 862.231357412 1051252162
938.4991875 2291848765 985.854937875 3118218117 846.227566859 1051096771
864.73401798 1513980453 975.805115378 3117799001 845.189636717 1051386140
991.985620584 2268103582 1028.170229715 3118293645 884.020257544 1051115410
959.294448427 2137111868 1010.669102588 3118370060 869.368859647 1051180006
918.750764616 1879921340 986.118873176 3118257177 848.410508298 1051135969
928.348791525 2175322780 980.147107395 3118469574 843.178586853 1050902602
971.093585702 1743478320 1051.060205986 3118447692 896.647036085 1050972350
940.664234822 1983517604 1006.712491127 3117831963 866.492018389 1051538506
891.422364377 1582042925 995.634909048 3118016145 856.635219933 1051350327
896.537982475 1960144296 990.678899037 3117698503 849.557536764 1051475092
955.214910828 1674938020 1033.272465791 3118254387 890.644961495 1050909442
946.835826958 1924781838 1013.970888147 3118152296 866.624678821 1051137847
938.004958367 1817925898 1000.654797043 3118053475 858.405654044 1051110461
892.797123007 1815062744 982.256691531 3117732876 849.30200364 1051479052
983.666119655 2212208577 1037.520762133 3118097437 890.265016439 1051047680
881.586516109 1326893422 1009.337932473 3117824409 877.587513536 1051357916
953.605362373 2433974548 993.78718473 3117821702 852.053961852 1051411320
