2.365101952 22114092 1.238738826 13809537 3.920227511 34037871
2.616716025 24201764 1.312488425 13934822 3.884154355 34252405
2.644979143 24459278 1.303310187 14145234 4.112691214 34657304
2.8299931 24094163 1.261708555 14003573 3.844649498 34346412
2.194583982 22196988 1.407679384 13876408 3.815766423 34361134
3.272703495 28307970 1.295054458 13872237 3.79896212 34143086
2.460363674 23555232 1.269799062 14016884 3.882911583 34378045
2.879760122 24446836 1.278587928 14008355 3.848993325 34436797
2.895464991 27433006 1.280846013 13851456 3.897104159 34098966
2.907900693 25610544 1.283800545 13954542 3.911761925 34255226
2.241576075 21850828 1.292196069 14184931 3.859390793 34802293
2.737420853 26619429 1.285823401 13773563 3.796692959 33990507
2.655397226 22432894 1.269380674 13783726 3.868332642 33936445
2.88327094 25098383 1.232849317 14022657 3.83599451 34537203
2.572623671 23358764 1.26398494 13920716 3.857853255 34205724
2.67034145 22679770 1.281754991 14179509 3.966638871 34825795
2.710276627 23995751 1.323927454 13944251 3.835946236 34165956
3.134755183 25053504 1.293978508 13951238 3.875953768 34338207
2.202832886 22062718 1.332415184 13837268 3.75807233 33980869
2.408840702 21514416 1.264736345 13868938 3.904443849 34085246
