2.074459233 0.538423161 1.558738359
2.17394183 0.585428567 1.777901192
1.811168184 0.555746111 1.580082387
1.622507652 0.479520699 1.425293728
1.663020651 0.495354631 1.475923914
1.713697161 0.525725269 1.610307144
1.574057657 0.453017814 1.335112355
1.614528592 0.501820818 1.498690859
2.218863828 0.677365586 1.981567602
1.911184121 0.594982989 1.715831742
1.722277553 0.612118259 1.545591808
1.719822103 0.514989152 1.522153389
1.962995189 0.652752154 1.680271671
2.095251053 0.679901241 1.824313282
2.137977365 0.658540899 1.895971793
1.848039035 0.564705064 1.615886293
1.541415066 0.4549279 1.359328875
2.395882818 0.649322884 1.849967513
2.267495936 0.673251528 1.957359269
2.305273217 0.718518748 2.048460561
