1.252459266 0.26770177 1.177177383
1.279635984 0.262126469 1.435677266
1.313408401 0.283143896 1.25304633
1.543139477 0.312742756 1.398497443
1.3469907 0.270477357 1.150844117
1.439416978 0.291331976 1.310567356
1.649054797 0.315508953 1.594396658
1.361209461 0.290102427 1.333119436
1.243940969 0.245555834 1.174137696
1.232745813 0.264438453 1.129641882
1.3773121 0.279284169 1.146533188
1.617293941 0.318338241 1.578785216
1.216501263 0.32794888 1.156940253
1.309940092 0.264444274 1.20024124
1.242881408 0.259280847 1.136190589
1.474245569 0.291275345 1.227324695
1.406852437 0.277845092 1.331136027
1.357118985 0.277481237 1.215243664
1.338121514 0.269365892 1.249847335
1.331429048 0.283272627 1.294007835
