9.905275857 2.908050927 8.307717601
10.425120966 3.144407402 8.728093058
9.520630293 2.746036607 8.009351826
9.296342025 2.869569836 7.819420982
11.222410836 3.518509768 9.543962198
9.036509871 2.695724893 7.627304555
8.793709044 2.635559585 7.589567028
11.557554675 3.525204673 9.569648684
10.888889947 3.345200745 9.113224269
8.883265019 2.606408475 7.390797389
9.377110768 2.817299672 7.895477644
11.462492939 3.258828403 8.735784676
9.460810353 2.790286333 7.784879808
8.824735162 2.703342539 7.391929614
10.05245924 3.053622266 8.311422457
13.283261429 4.096267341 11.109411844
9.828916173 2.995481599 8.143612397
9.035744839 2.632280794 7.794394773
9.482161394 2.735066032 7.85629892
11.062465344 3.370718999 9.222988031
