796.610688707 3209156883 417.001685636 1251084475 1530.737378714 5861957921
663.648946734 3119340466 373.435669833 1187642595 1601.303789242 5821343962
654.735858325 3107363468 299.90989413 1168333231 1367.144768291 5821577978
713.706597647 2974001216 326.767171144 1168041896 1336.534771232 5548946563
1149.541525711 3110842377 324.393165005 1196339176 1227.255135208 5890551190
765.17200284 3119575126 334.881949369 1198159603 1274.580513356 5829410587
3796.45500479 3083112571 340.092476963 1183853372 1460.048427302 5954908107
882.215732445 3174744155 414.155747159 1226425743 1688.72177183 5786759866
736.113199347 3130490849 372.173384996 1183961935 1284.945884822 5787729948
792.795419687 3025788246 333.295462674 1148834187 1179.115650301 5623309643
709.60618791 3123050905 330.690932243 1187953270 1460.987747368 5991774115
1161.292266476 3060074716 348.327719711 1255048125 1429.293602225 5757481584
1399.619635772 3049725784 372.675028744 1169759421 1289.08356658 5901731404
817.110327264 3070597092 342.130245363 1202200813 1429.88724981 5827434603
797.689842201 3065638320 355.088287488 1204598507 1535.538785619 6011674855
1012.68958736 3046417142 397.943180215 1168961770 1412.701438388 5706592695
703.078272133 3128057213 381.734473326 1156964815 1391.115875678 5875424623
884.247994465 3230531097 442.366384068 1235329155 1825.945535392 5907113865
937.618643127 2981052277 489.659611557 1191247742 2253.910630942 5738302768
954.583096586 3039644902 386.032713788 1226372775 1699.687217044 5638151135
