54.849439594 335281399 50.643276368 343825437 59.470786481 317310711
54.386101542 330939408 50.593714335 343719954 59.249755997 315817862
53.391405678 323462212 52.179230341 344366914 60.113635428 313357752
50.325302605 299635817 49.656815451 343764613 58.736303378 317200851
54.191114329 331546994 49.901070688 343080691 58.610014889 316029892
53.034068342 345209034 48.661058394 343837193 56.952408259 317386203
51.710125531 300356494 52.668248727 343750677 60.390792645 316259122
58.73102565 338378073 52.103826887 343727934 61.177320232 316273007
57.751095561 326580615 51.415964811 343376637 60.590312134 317380469
56.534953734 344195795 50.706685809 344071592 58.94127008 317522077
53.478744634 315434465 49.952984833 343430596 58.902637663 315638417
51.922041679 328811124 50.253888052 343726620 58.136167465 316444403
56.955878565 353160878 53.132040977 343603344 60.99118175 316241460
53.582759089 327269195 51.704828282 343473495 59.707648077 315379267
53.92024571 336355211 50.987471518 343690041 59.596554398 315111834
55.274959296 343998208 52.340752909 343441839 59.488346309 316214266
52.647665867 306594144 50.323422877 343927294 58.420901284 314833491
54.968057598 324992918 51.735027064 344170958 62.46350805 317084304
56.054378646 331278769 51.165494505 343708215 59.800832449 316665640
53.454298828 327103822 51.405862105 343342345 59.030618541 317962604
