0.002282334 68 0.002045713 32 0.002641658 84
0.002352032 84 0.00231716 48 0.002484306 126
0.002664641 0 0.002189507 0 0.002897713 0
0.004643145 248 0.002486602 174 0.002314178 376
0.002415729 56 0.002319702 32 0.002385453 84
0.002739542 152 0.002558744 120 0.002517624 184
0.002335689 142 0.002397658 94 0.00233004 166
0.002497833 104 0.002338034 92 0.002266023 80
0.002603482 28 0.002535734 16 0.002634014 42
0.00252867 34 0.002553355 16 0.002629548 42
0.002212131 0 0.002239237 0 0.002317879 0
0.002715208 790 0.002315918 844 0.002257006 678
0.002368985 24 0.002277439 23 0.002784563 20
0.002370689 0 0.002090895 0 0.002348206 0
0.002384729 0 0.002059372 0 0.002269052 0
0.002312847 56 0.001901295 32 0.002202122 84
0.002208285 68 0.002016064 60 0.002697361 58
0.002604423 140 0.002089336 78 0.002214162 124
0.002551182 243 0.002334152 176 0.00314426 335
0.002959696 1513 0.002396696 1661 0.002848522 1166
