1.036721316 159 0.960915913 64 0.9543544 293
1.082673952 1973 0.961874597 878 1.001519704 3160
1.024846638 806 0.954140856 306 0.940196519 1276
0.923419827 409 0.916666792 155 0.946191136 682
1.038630361 0 0.905858016 0 0.885134191 0
1.048176005 456 0.958865733 251 0.942580869 765
1.00338364 128 0.896592089 70 0.966526978 280
1.008257946 376 0.872680269 271 0.924714123 471
0.990844657 178 1.021255128 111 0.964465742 143
0.874073845 124 0.914712769 36 0.898813087 232
0.980655602 220 0.903934281 86 0.936528746 338
1.010531407 1776 0.935371096 1255 1.002360235 1837
0.995414028 92 0.872892139 95 0.950262922 130
1.004466281 218 0.892318677 89 1.025391033 392
1.023618744 155 0.993230155 55 0.995027073 344
1.009638273 414 0.952658047 242 0.94379995 560
1.072777736 245 0.940709765 88 1.072853232 396
1.006545892 525 0.884092593 429 0.998313952 811
1.1243121 1074 0.859895176 646 0.991695414 1503
0.991838747 93 0.918876817 180 1.063465804 43
