16.707856153 145620240 8.755683686 96697048 22.608517307 201869851
18.522515758 160635764 9.157357833 96402903 22.247168499 201079920
15.368675009 133440054 8.993826148 96391149 22.492900491 201455255
20.630647007 170663824 8.7138554 95972998 22.185702056 200330467
17.225777334 150072748 9.015232953 96862817 22.72238882 201783849
16.312227317 146495758 8.965168051 96529612 22.824223515 201031651
15.68381573 127493393 8.726044064 96492412 22.267641642 201422175
15.49936954 137000262 9.047549343 96482770 22.028808686 201027582
14.755203642 130742934 8.880143149 96114193 22.375218797 200276678
17.660324011 139391557 8.974593341 96931872 22.402446314 202065691
16.793472537 155339436 8.967370235 95928379 22.524115617 199779741
17.092492533 153381571 8.987608277 96306801 22.778743017 201176447
16.511234111 135685844 8.86047752 96574226 22.25447891 202091887
18.645715781 163912148 8.777013245 96292349 22.098725207 200615813
16.517897972 151474724 9.055483607 96292564 22.619877462 200389424
16.492039065 137833063 8.835593182 96174310 22.342374231 200948681
14.184633076 131052562 8.815680978 95938514 21.900052945 200595298
16.788321128 142584800 8.79956102 95948202 22.550430188 200129301
15.175438567 141394840 9.380736682 96314821 23.920253672 200965311
18.818617803 152350147 8.901472384 95939128 22.58825292 200357659
