0.299498956 2676607 0.202076932 2148001 0.333700039 2950297
0.277896722 2505744 0.214157618 2152403 0.353156544 2912193
0.311324732 2606295 0.213165054 2181814 0.349884451 2977485
0.292143774 2648462 0.206851972 2171107 0.351662663 2991351
0.312208624 2768466 0.205978163 2152314 0.33930584 2889238
0.285722637 2695346 0.207213589 2187141 0.349285865 2998540
0.271408087 2513078 0.21250134 2179410 0.365084752 2970176
0.284546772 2467282 0.212100319 2163432 0.341807315 2884068
0.291360319 2643390 0.212934879 2169000 0.327288362 2932214
0.304597495 2798408 0.199869793 2156848 0.318967733 2963344
0.301179071 2633518 0.205822737 2154814 0.335895395 2940443
0.283165483 2522696 0.219914366 2159942 0.327679 2930541
0.273017254 2440853 0.203702145 2170152 0.335952561 2951617
0.277905103 2497321 0.211034472 2166653 0.389706481 2967095
0.295778805 2637782 0.215743936 2162290 0.321805485 2963192
0.292497154 2603451 0.210054884 2160777 0.317729839 2955671
0.247964052 2311057 0.214524929 2128560 0.316486166 2915983
0.293679563 2523606 0.197857628 2176351 0.33148648 2970580
0.355099477 2662699 0.214573483 2173292 0.343085407 2969805
0.290130836 2686439 0.202976079 2206981 0.32390902 2952726
