1.062297307 8343108 0.711592164 6794953 1.53116325 11205759
1.322103363 9891997 0.781114945 6775067 1.461142824 10789577
1.120083139 8004262 0.661254261 6344008 1.440483525 10166075
1.210772064 8557882 0.650330825 6329414 1.353757841 9894029
1.180940779 8661701 0.703906241 6307949 1.429433005 10329949
1.333265525 9161178 0.756448541 6513750 1.447275528 10545519
1.161367032 8675329 0.65444716 6036673 1.370262119 9896217
0.961028317 7166772 0.658130046 5929076 1.420159792 9663173
1.331447235 9494206 0.7459582 6703080 1.554284161 10621246
1.434541103 10471909 0.770848182 6984787 1.552198788 11071559
1.270030411 9748728 0.81628022 7633868 1.671020762 12235760
0.952090847 6922254 0.56714989 5258941 1.219332742 8710232
1.289123577 9031837 0.762726359 7298490 1.54169001 11127847
1.010020612 8003317 0.685760456 6526597 1.386938311 10194990
1.12481951 8431405 0.583653536 5672821 1.273598939 9205904
1.262761607 8834581 0.83850438 6438719 1.36588217 10494452
1.133719849 9010319 0.767925461 6917683 1.509677152 11172710
1.200930841 9048336 0.750202801 6724702 1.487211201 10746694
1.36800367 9148770 0.733009192 6786938 1.546625775 10870900
1.13945771 8836344 0.67489459 6529738 1.52596392 10453284
