5.089694428 50453286 2.852216541 31510372 7.328446652 68280434
5.587953872 53354173 2.934265934 32155098 7.620626406 69966825
4.740684125 46028849 2.778560679 30729521 8.182176104 66795915
5.323190631 47882748 3.038218599 32236271 7.429119301 70188644
5.461025261 47963485 3.884783036 32828770 7.490326971 70724363
5.211028062 51797142 2.903144892 31837465 7.372760437 68949854
5.180442009 48866503 3.036710116 32346103 7.908333402 70211744
4.932384491 45538990 3.925900889 31900480 7.365925832 69086931
4.966772763 45676739 2.784164046 30830872 7.376983262 66941553
5.155494096 45273524 2.721122764 30476319 7.24639788 66078920
5.454306383 50606150 3.139553683 32404418 8.658729184 70365510
5.492096602 51208055 2.912006509 32746681 7.615189301 71047020
5.968251301 53988986 2.822481131 31146187 7.390368642 67566469
4.993972708 45281994 3.84384965 31932637 7.4860929 69227013
5.162441937 48710596 2.799846443 30874112 7.056500124 67120851
4.626111169 43822669 2.783639196 30450686 7.193115515 66424411
5.036962447 48280363 3.682189835 30769980 7.110520027 66902997
5.182641325 50899840 2.884672195 31273400 7.489237824 67697722
6.441282009 56927380 2.968631533 32198555 7.68503506 69736764
5.493508294 52218334 2.821729179 30696172 7.32973235 66777025
