4.96646691 40549256 2.481703479 26176469 5.862167032 51197310
5.093303963 41087574 2.653172349 26870926 5.958949259 52213812
4.234902702 35563711 3.061809648 26132151 5.804201278 51099543
4.712457957 39450078 2.485515448 26125071 5.971968078 50617927
4.545164871 37061692 2.554657657 27195274 6.146278885 52280442
4.99910171 36967218 2.747484633 27228451 5.996266553 52881557
4.380377309 37453911 2.469200846 26093900 6.08709292 50931251
4.071364184 33569647 2.585702269 26501185 6.099174894 51869453
3.923769716 36067931 3.189658045 26908749 6.102872135 52157282
4.337468151 37506066 2.591061903 26796633 6.058875294 52112989
4.228098168 36695741 2.664727599 27509606 6.22409518 52986861
4.404987322 34825729 2.555179352 26312525 6.469495364 50937124
5.330244743 45608444 2.567220948 27009100 5.969046168 52384528
4.83363036 41194393 2.596612569 26710891 6.110862377 51902881
4.375565942 39629851 2.627050089 27369856 6.050860368 52681237
3.990200252 33214462 3.292367879 27306395 6.261119075 52775241
5.066811027 41964826 2.672442259 27060231 6.122626256 52357051
4.454977772 37008098 2.742150069 27067444 6.262689198 52235526
4.953547254 41452913 2.562003236 26238955 5.94680609 50568125
4.612396614 38851040 3.226000425 27075084 6.268122109 52621270
