3.651112136 34427909 1.864113267 21453697 5.17107918 48663320
4.836312078 38486646 1.86700007 21410059 5.010577308 48343054
3.466102857 36806447 1.879333175 20824154 5.026704203 46936527
3.699199241 33644017 1.750949308 19729724 4.712311992 44970739
3.540132802 32947626 1.83291621 21113121 5.097447988 47662832
3.141270002 32990374 1.829147576 20386870 4.919360079 46048159
3.856253386 34849041 2.625956231 20589778 4.885588791 46628503
4.076285593 34855451 1.918854192 21039201 4.900846224 47166339
3.202925699 28439739 1.838271335 20869264 5.773185956 46935895
3.79729515 34239640 1.715634104 19963527 4.728344317 45148872
3.590679945 36739767 2.814322203 22408138 5.2634901 50531219
3.669700254 34133246 1.904655737 21457136 5.149156025 48266966
3.027556243 28388358 1.878626078 20870154 5.035008241 47067709
3.606749066 33640165 1.732204305 19539828 4.653732663 43929067
3.592994648 31268226 1.87470824 21585903 5.183193826 48512945
4.375511331 40608872 2.711070366 20721704 4.954259029 46708120
3.108743374 28956000 1.822261939 20971232 5.014812044 47187982
3.339891237 32100840 1.75473974 20136940 4.867693345 45159140
4.128815644 35970590 1.804429122 20668361 5.664638797 46745585
3.190431759 31678159 1.813148206 20155137 4.783756528 45662402
