0.074901715 2000 0.02274519 2800 0.025481485 800
0.016745649 2000 0.01721866 2800 0.006938137 800
0.007597221 1400 0.018862861 2800 0.007732797 800
0.006861506 1000 0.01022273 2800 0.014520532 800
0.005787607 2800 0.004822083 2800 0.004490977 800
0.003752489 1600 0.003425077 2800 0.004276191 800
0.002767911 800 0.003018557 2800 0.003136817 800
0.004020281 1600 0.00597075 2800 0.003244683 800
0.003002441 1000 0.003924923 2800 0.003305968 800
0.003517482 2000 0.003313963 2800 0.00259274 800
0.003857985 1600 0.003685218 2800 0.004733312 800
0.004822013 2000 0.003002005 2800 0.004956454 800
0.003400435 2000 0.003245489 2800 0.003093773 800
0.003049871 1400 0.002851341 2800 0.002738809 800
0.002926624 2000 0.003200229 2800 0.003965677 800
0.003124427 2000 0.002843694 2800 0.003128416 800
0.00438837 1400 0.004556414 2800 0.003833041 800
0.003253403 1400 0.003996955 2800 0.006287578 800
0.003307945 2200 0.003913529 2800 0.003918312 800
0.003166396 1600 0.003711641 2800 0.00347756 800
