2.103896849 9288092 2.473288995 12089432 1.705647508 3713116
2.006079943 6138361 2.426237787 11781887 1.63134792 3738509
2.107163794 10234601 2.078729793 11249445 1.58162398 3780188
1.717430167 5560240 2.169103868 11214429 1.561803642 3784702
2.101243009 7823160 2.36127974 11311396 1.612856657 3784930
2.270340769 7082032 2.404276192 12206332 1.834763241 3714125
1.878743726 4220905 2.437110917 11790317 1.831155629 3736393
2.114160087 8172558 2.464233641 11793538 2.000199498 3726030
2.015468307 7111366 2.656436693 12149598 2.034425304 3720136
2.143071516 10263642 2.321863425 11579396 1.617365887 3757035
2.146881387 8237650 2.424237649 11771050 1.738715186 3739526
2.264134853 9195153 2.490937029 11974191 1.820535664 3726459
1.849006879 5804112 2.246694092 11664621 1.685434913 3750761
2.028837247 6945012 2.453537447 12138720 1.832915087 3712650
2.254143659 9710087 2.511773647 12365093 1.909103538 3702658
1.823527491 8039035 2.178751299 11086337 1.496323009 3785705
1.945514716 5261669 2.425202772 11792196 1.787749029 3739497
2.232128394 8269194 2.349610852 11766825 1.737072411 3738126
2.788986517 10629727 2.708588706 12147845 1.965837039 3717347
2.489296676 7044978 2.759326569 12176238 1.923167131 3712602
