5.048639405 44169566 2.126284479 23582266 6.336578961 56188848
4.567341924 44245639 2.135372406 23530297 6.228501812 55805256
3.976750504 38272148 2.159897073 23375051 6.227575031 55808003
4.904345552 42939816 2.127256016 23399931 6.322430515 55869087
4.827731837 42222377 2.172855896 23570244 6.406728245 56035723
4.709767214 38514243 2.064806852 23269844 6.389162152 55487735
4.47274856 39077244 2.254116521 23956445 6.421213128 56970016
4.22814503 39054296 2.187405996 23537742 6.316192042 56008369
4.439815039 41961586 2.184337802 23530419 6.288828362 56161501
4.992172247 43586184 2.034202277 23290924 6.225643651 55919942
4.0853313 37066191 2.181850489 23551965 6.287919272 56259261
3.778061612 37550536 2.173891732 23720852 6.261911427 56683089
4.327423449 37142226 2.181054363 23444042 6.422937883 55977068
3.875931314 36419848 2.175546727 23359872 6.313333613 55627320
4.400923561 39974564 2.085043359 23424987 6.461222765 55974258
4.566630749 41686587 2.213819825 23767797 6.381560527 56560781
4.473633429 39025184 2.11184146 23868180 6.453308767 56787428
4.444207015 41762142 2.280627119 23643153 6.416462308 56147430
4.506191532 40691749 2.116970445 23447147 6.340215474 55957883
4.208230315 38571647 2.043796975 23514950 6.348307003 55974445
