8.066560388 57662108 5.625086084 50178626 10.531743958 63411360
7.315333147 53446988 5.424284885 47694200 9.902318973 60044402
8.315212305 59174317 5.662461299 50651825 10.506638864 61770376
8.589357177 56543087 6.044146097 53897617 10.796760087 62784577
8.900145525 59213838 6.126560601 53968484 10.597698588 60774850
8.414239781 61466151 5.893122329 53802133 10.743776155 63741817
9.011896452 61663382 6.476159948 58870902 10.927902466 64428919
8.602268817 59514849 6.343087332 54775597 10.790631487 62823205
9.013611672 61235065 6.46815758 57359874 11.122123217 62127357
8.328846549 59096226 5.77155911 53017980 10.45385661 62544590
8.648045693 61058229 6.346518733 57490544 10.829960149 64882879
7.625299509 54991912 5.563167886 50749303 9.772660775 59624538
8.469361791 59782922 5.881579539 53358963 10.251029754 62869978
8.241395387 57461897 6.005509761 54291103 10.375309355 62533610
8.162285883 59142324 5.654941568 51756260 10.178602558 62881077
9.024913207 65290273 6.828948754 62220965 10.999837476 65084584
8.197741737 57281472 5.938737344 53550016 10.078288319 60802830
8.562937195 58010630 5.981021638 53718424 10.635332108 62138486
8.766736308 63167161 6.348900767 57166815 10.551659422 62890604
7.719662983 54520572 5.466373263 48609371 10.021067062 59892440
