2.533585621 23721112 1.255892417 13896045 3.698267208 34112819
2.380714434 23054695 1.260903496 13661636 3.648766384 33624167
2.575497921 21725914 1.206464882 13675595 3.65875724 33739502
2.937337288 22928970 1.203579008 13884127 3.861118804 34147498
3.281916587 25030351 1.234550982 13895145 3.710493279 34191655
2.519367624 23242722 1.324519187 13863457 3.620806218 33912834
2.568004347 22996108 1.245806308 13741917 3.679735094 33831215
2.425046779 22717321 1.362730869 13929430 3.721767651 34391493
2.854776127 25744092 1.223193259 13655733 3.512031814 33421342
2.930639014 25927454 1.303753715 13883180 3.643776184 34075705
3.195631664 28371976 1.206747059 13591305 3.56361439 33418769
2.869960394 23055056 1.725580109 13832526 3.544578657 34092510
3.175661774 27311086 1.235207224 13865128 3.742390505 34221009
2.818422895 24059226 1.275067679 13885711 3.789575136 34201947
2.571014869 23928444 1.266689069 13605850 3.489189754 33428740
2.724614611 24249033 1.265922377 13774245 3.654289177 33943409
2.278366592 21122580 1.328035478 13767234 3.649033036 33988724
2.853807752 25865811 1.292530365 13815167 3.701710353 33946761
2.657186031 22084771 1.235538003 13840817 3.62649279 33973501
2.24936176 21095951 1.317319661 13667088 3.581006964 33647529
