0.228649504 0 0.241546295 0 0.250197348 0
0.256222457 0 0.250030059 0 0.23820469 0
0.231229105 0 0.215072179 0 0.24229938 0
0.228308882 0 0.220175698 0 0.24549878 0
0.261667426 0 0.22860924 0 0.247517953 0
0.236804232 0 0.225974384 0 0.253539689 0
0.256709437 0 0.218316753 0 0.246808429 0
0.233653904 0 0.214665371 0 0.231025803 0
0.269775078 0 0.221690112 0 0.242288685 0
0.242494035 0 0.220830578 0 0.236562786 0
0.237749237 0 0.198530123 0 0.231407896 0
0.252563062 0 0.202003363 0 0.217563347 0
0.248939101 0 0.213013968 0 0.227551923 0
0.257469769 0 0.20734196 0 0.218231471 0
0.246852386 0 0.24731275 0 0.241220297 0
0.257451496 0 0.219196775 0 0.257686808 0
0.253496885 0 0.208111074 0 0.241569146 0
0.250977093 0 0.218631026 0 0.226897558 0
0.249061074 0 0.234593653 0 0.23278022 0
0.23978321 0 0.224751317 0 0.227859371 0
