1.438085491 13159482 0.906942904 8870441 1.768364647 15856396
1.264866018 11384752 0.791031713 8985930 1.772284764 15857340
1.273359906 11375125 0.783460375 8826669 1.972737932 15792049
1.491387876 12999801 0.885077672 9145356 1.861894576 16544695
1.34831896 11825584 0.839992362 8943204 1.795641651 16062285
1.413435255 11646455 0.911954285 8748806 1.734361688 15825105
1.418173078 11781257 0.832889705 8896966 1.783442753 15753457
1.370988796 12563524 0.78994796 8755447 1.737086145 15756212
1.400545169 13242236 0.768286086 8673093 1.732274006 15835442
1.345797267 12254469 0.906948032 9029751 1.823382464 15965454
1.443326436 12210398 0.916568891 9121451 1.820838967 16159024
1.77124098 13717771 0.831145008 8935687 1.924001189 16119569
1.338413342 11984014 0.864349102 9016610 1.882286068 16171380
1.284733713 11847037 0.810616093 8719320 1.793348547 15809595
1.445645292 12346114 0.913852211 8928762 1.738718192 15952044
1.454347837 12598647 0.773607271 8669978 1.700373672 15817645
1.467762113 12996788 0.817671453 9006834 2.200602954 16051938
1.516297355 12544538 1.143848293 8755124 2.384503056 15805442
2.005793868 13280489 1.277387721 9229111 1.963479149 16698509
1.379891788 11344622 0.953192732 8732654 1.650126968 15775647
