0.39787905 2973252 0.255305094 2194013 0.445184776 3571662
0.451220521 3431720 0.266822537 2446766 0.495627975 3959835
0.443287186 3595344 0.294461513 2703969 0.537416944 4301333
0.410887477 3109005 0.273544019 2474696 0.479904704 3786573
0.309700855 2459636 0.227532787 2062172 0.397736792 3137036
0.341515943 2578395 0.237294601 2052627 0.431563794 3281894
0.352174472 2736460 0.231552785 2006212 0.42212754 3144916
0.446800112 3019468 0.249825547 2282928 0.452031599 3608890
0.358402785 2885952 0.225717384 1957716 0.419100115 3131032
0.399138425 3054340 0.30124361 2581402 0.549637409 4061002
0.330040318 2521418 0.204655542 1862770 0.377388317 2913870
0.290537997 2259017 0.236343423 2045801 0.426241879 3300003
0.315708154 2498128 0.221564339 1922873 0.422945466 3157741
0.375059196 2950865 0.276991345 2473699 0.463318135 3596976
0.354075932 2828418 0.268599689 2237992 0.442964702 3438995
0.379369921 2855609 0.240216913 2075796 0.465095129 3428397
0.411685092 3242695 0.266522463 2301541 0.502390156 3735653
0.374416727 2822319 0.240952735 2182633 0.548262022 3549691
0.328218579 2503478 0.239559117 2009225 0.411783089 3264720
0.398623287 3090132 0.252746366 2169534 0.453647533 3480094
