15.341293797 126262584 11.169383974 107282900 20.246853344 159781848
15.215882502 127530032 11.116690562 106543406 19.666736544 158469112
18.311370925 135972488 11.166752213 107104832 19.974245627 158881966
17.29524583 138572692 11.024064647 107070994 20.05021547 159242748
18.134174429 147315968 11.114029005 107475710 20.227826775 158797442
16.389263523 132907488 11.137316987 107609597 20.153028341 159220461
17.431042536 134349652 10.859013746 105460220 19.830305426 157945292
17.60994803 142930256 11.130270011 107250544 20.149035303 159122131
15.048061815 124288548 10.867576847 106157849 20.029071748 158560079
14.818843342 129363744 11.122625272 106924244 20.080206529 159207594
16.659885247 129206116 11.039576256 107907054 20.074102146 160716592
16.54204935 135222953 10.967164097 106297445 19.929495013 158825837
14.478122666 124071288 10.961143625 107186595 19.98500733 159014168
17.792701524 137126674 11.223359942 107071320 20.167287738 158962795
16.010116645 131518090 11.171094323 107190043 20.312782235 158704117
15.981372753 132101034 11.222066341 107936627 20.458363829 160454275
15.681420024 129813643 11.194868632 105979441 19.890911024 158497118
16.530384535 135434493 10.851926731 106158529 20.27567568 158479750
16.412357206 135438003 10.87828434 106248459 19.86512268 159138187
16.643859346 130738653 11.221913301 106806513 20.125763794 158653390
