0.009087567 4000 0.006658307 5600 0.011632975 1600
0.010589589 5600 0.012869934 5600 0.006457995 1600
0.007294875 3200 0.007757633 5600 0.005703712 1600
0.008221383 1600 0.007317392 5600 0.007791097 1600
0.006144527 3200 0.006712371 5600 0.006148937 1600
0.006164627 4000 0.006291657 5600 0.005750232 1600
0.006068884 5200 0.005883478 5600 0.005629373 1600
0.006344364 4400 0.005748541 5600 0.006234278 1600
0.006557774 4400 0.006456841 5600 0.009612088 1600
0.011291831 4000 0.010170128 5600 0.008277876 1600
0.006367743 4400 0.007006835 5600 0.005750447 1600
0.011477653 4000 0.009671378 5600 0.005108867 1600
0.008448286 2800 0.006998636 5600 0.006345897 1600
0.007286399 4000 0.008191507 5600 0.00752607 1600
0.009978199 3200 0.007304717 5600 0.007199325 1600
0.007813457 3200 0.006104796 5600 0.006319977 1600
0.007262743 3200 0.007194755 5600 0.007275374 1600
0.006331568 4000 0.005538682 5600 0.006990137 1600
0.006944719 3200 0.006613716 5600 0.007094766 1600
0.008685933 4400 0.010635139 5600 0.008380588 1600
