3.318599437 28342317 2.31157359 23757043 3.908361807 34069597
3.202998947 28334682 2.285259208 23860034 3.920894038 34250188
3.035996784 26924011 2.325707048 24014835 3.902100023 34202782
3.104554008 27909806 2.211572514 23473801 3.920230991 33938677
3.352222912 28898111 2.247612817 23710734 3.950302131 34407335
3.419353941 30338822 2.250584941 23300462 3.874949111 33887351
3.197295438 28539212 2.322869825 23466346 3.92919664 33670519
3.393898994 29189827 2.35990494 23839115 3.917860728 33932941
3.71682641 29952154 2.286188039 23986642 3.91779822 34046282
3.780472477 31756781 2.236561175 23604528 3.931651066 33981539
3.112759981 28634570 2.293517632 23665289 3.916351563 33829546
3.116500831 26892679 2.198514517 23143959 3.811856053 33549353
3.34389231 28776583 2.187439261 23367753 3.847428064 33562752
3.475398995 29711433 2.224447554 23337997 3.792571907 33677388
3.310425143 30052605 2.204604623 23242895 3.842572632 33581851
3.298268761 28012691 2.324583964 24051188 4.050194184 34217593
3.345159716 28255265 2.181469124 23376551 3.847684275 33962649
3.100470295 28549974 2.297385953 24049566 3.912132529 34243474
3.317651114 30053190 2.183260302 23270905 3.806040414 33763173
3.449649185 29369609 2.25382646 23629562 3.879231242 33887303
