4.867729607 38799143 3.151959392 31919803 5.013215635 42004546
4.305672273 34797226 3.158602172 32199200 4.985545033 41675806
4.478645605 37879502 3.041749742 31460286 4.869030073 41521688
4.379445586 38684264 3.210568953 32108061 4.970538711 41955295
4.248834514 37928739 3.170750127 31932204 4.966917206 41369363
4.463269223 37637397 3.177013266 32115345 5.007243947 41745671
4.207521423 35393367 3.265025922 32388238 5.108482839 41844291
4.259528248 34917805 3.084489345 31758773 4.946184449 41851426
4.544179914 38778378 3.086680731 31804146 4.993047996 41829325
4.363330762 37864547 3.126087641 31889591 5.126069438 41881437
4.458282162 38505097 3.151132716 32043453 5.076584138 42041264
4.655896638 38041916 3.242652842 32095283 4.993303428 41397131
4.306817723 36543778 3.123010051 31867820 4.952285632 41914406
4.488102431 38265432 3.217871021 32122007 4.998583283 41943619
4.359336839 39157896 3.214851051 32267972 5.11345476 42072060
4.161498125 36770198 3.085161168 31839823 4.921282892 41682455
3.641409682 32729302 3.161553626 32175192 5.149516254 41906461
3.901010969 33797946 3.109786638 31799685 5.103539633 41992739
4.590366488 38464676 3.173036802 32280981 4.971152585 41528784
4.34600377 37909055 3.231529043 32266568 5.043937303 41722399
