1.32350312 1578210 1.123304456 967579 1.357090713 2109596
1.292705759 1986165 1.065791731 1005489 1.296565608 2883769
1.253289997 1584094 1.081167145 1085222 1.283034877 2556597
1.115037279 921768 1.021762258 547322 1.236494028 1522602
1.257166227 1475396 1.027279197 840707 1.392592903 2177462
1.150051251 639888 1.018396532 343295 1.200607079 949163
1.405654455 2035967 1.088621406 1145253 1.432940488 3056855
1.763772987 4470656 1.330089796 2435410 1.865209675 5857239
1.274312225 2004196 1.057148222 1192892 1.412131398 3293266
1.514686947 3217570 1.199210241 1778201 1.725624135 5063269
1.316201183 2421440 1.125728267 1587459 1.61875363 3521867
1.470481768 2943264 1.16000465 1731007 1.717989837 4122536
1.271323757 1842515 1.151137162 1145361 1.403088792 2739615
1.231775398 1797612 1.062248642 1189081 1.283605006 2447721
1.315312072 1963618 1.121807575 1028392 1.383552854 2874530
1.268033049 2082908 1.071440472 1096528 1.393978691 2995336
1.237642345 1576706 1.034875261 941564 1.328680178 2420353
1.457932372 2452763 1.161164143 1232308 1.504153257 3379525
1.259485181 1702956 1.10263287 921980 1.312740987 2341859
1.274192875 1559296 1.042691519 945153 1.299936716 2187080
