0.485553088 0 0.435261723 0 0.482430638 0
0.481244004 0 0.443691226 0 0.440194058 0
0.514531137 0 0.427521461 0 0.446852114 0
0.494053002 0 0.442342719 0 0.490462181 0
0.470357945 0 0.424462961 0 0.508930237 0
0.507832034 0 0.458492722 0 0.476391511 0
0.504454122 0 0.460055538 0 0.500740259 0
0.518940498 0 0.43574411 0 0.489430946 0
0.507734856 0 0.450869821 0 0.475252261 0
0.482594996 0 0.423001727 0 0.483325205 0
0.483841448 0 0.470148587 0 0.451174993 0
0.533047481 59 0.44213793 34 0.469343794 48
0.476233889 0 0.431367188 0 0.467717511 0
0.521202522 0 0.433575133 0 0.499530512 0
0.520658604 0 0.454927084 0 0.473242362 0
0.47454478 0 0.440476846 0 0.473716616 0
0.503036408 0 0.417155706 0 0.487662099 0
0.494857809 0 0.469416331 0 0.480999417 0
0.456737288 0 0.404644861 0 0.447998487 0
0.475031547 0 0.426787638 0 0.471921966 0
