0.016180425 4000 0.020022432 11200 0.019732275 3200
0.019806765 6400 0.012249457 11200 0.011810722 3200
0.011652017 6400 0.013813264 11200 0.012400773 3200
0.013254262 6400 0.013735316 11200 0.014028274 3200
0.013144711 8800 0.013600629 11200 0.011739298 3200
0.012796789 5600 0.013593554 11200 0.013139606 3200
0.015831795 8800 0.013757579 11200 0.014698413 3200
0.012350651 8000 0.012895059 11200 0.013620082 3200
0.012029891 8000 0.012021162 11200 0.011276025 3200
0.015774133 8000 0.011845599 11200 0.015203438 3200
0.013869056 8800 0.010582372 11200 0.012140355 3200
0.015895734 6400 0.015929685 11200 0.011222646 3200
0.012897227 8800 0.011981141 11200 0.01287466 3200
0.012195653 11200 0.010187731 11200 0.011345152 3200
0.012302713 10400 0.012471057 11200 0.011055717 3200
0.013330361 8000 0.012648855 11200 0.012265122 3200
0.013235467 11200 0.012863528 11200 0.013006538 3200
0.01164161 5600 0.018879663 11200 0.015189253 3200
0.013598982 6400 0.016852913 11200 0.012357249 3200
0.012833391 8000 0.014964112 11200 0.012029061 3200
