11.200191946 3.626539269 9.522606486
9.927564845 3.262855804 8.631569938
9.101738678 2.90794317 7.817847934
9.581160024 2.795811096 7.693175675
9.784020802 3.167994902 8.387967945
9.135883549 2.984724529 7.907064682
9.2385173 2.96475823 7.981205643
11.032520816 3.599175848 9.492682141
10.565277245 3.362773105 9.010725845
11.089423766 3.670668443 9.586386196
10.324329018 3.327578502 8.80855898
13.382186967 4.356382168 11.573239915
9.768993107 3.214724821 8.468660488
9.088809469 2.906803054 7.904857473
8.464454737 2.737207925 7.570119803
10.855303448 3.248814276 8.618893041
9.875712815 3.200605802 8.66037224
8.376162176 2.73034762 7.189038334
9.430897371 3.022461096 8.201032156
10.02295588 3.037789083 7.894839703
