0.566297608 4452303 0.395353349 3488277 0.699934874 5534909
0.687546984 5677771 0.477697151 4298925 0.854537274 6817518
0.82578238 5371734 0.463277557 4009851 0.781317445 6243601
0.859617675 5699172 0.501137069 4615548 0.887325114 7041042
0.978152113 6461683 0.516617231 4719904 1.129503348 7457641
0.718272193 5095106 0.534110326 4348503 0.976041114 6710333
0.690718167 4715703 0.433814799 3721322 0.735515012 5918009
0.683927802 5788583 0.469624575 4112756 0.816170707 6587921
0.74693901 5953149 0.493282523 4363263 1.057594829 6843729
0.857160707 6069054 0.505756843 4258288 0.914362637 6789614
0.697616232 5000458 0.47739534 3920616 0.819161755 6173506
0.780108528 6475361 0.513469607 4720907 0.937089317 7371833
0.739933236 5366964 0.528353362 4638230 0.965338116 6937082
0.670719543 5016379 0.447743824 3732619 0.753739648 5958515
0.606160637 4951589 0.42190941 3601853 0.728277923 5802230
0.717055129 5388888 0.457364802 4030036 0.826761923 6384676
0.631795438 5006152 0.491058317 3993996 0.825788566 6403836
0.616285337 4837487 0.446113485 3927522 0.835945349 6281721
0.635689597 4787866 0.416189278 3507340 0.702565313 5575374
0.787709612 5779092 0.535153475 4652730 0.944445769 6925760
