38.729328143 272317690 32.101382447 253320216 45.139586985 277251122
37.923300787 263431927 31.338379233 252459368 43.056629384 277264019
36.8085997 250131610 32.039545891 254129122 43.404641344 275155451
37.952099366 270652511 31.852396895 253239689 42.356545226 276567194
38.906348963 267921726 32.212164474 254023433 42.763624138 275170856
38.640858088 268451957 32.047051656 253004783 46.189363883 275438113
38.202019288 260434086 31.771864799 253244868 44.246448361 277992689
38.269258405 260519256 31.984640743 254535060 42.916062019 277160088
36.125118691 265206188 31.695367219 254480363 42.453826758 274726261
38.372641952 262525928 31.515505023 253003751 42.652352717 276912246
38.674651627 270292709 31.739387273 254048187 43.152511501 276151324
38.58405112 263335620 31.870507189 254041617 43.747851432 277001203
38.070364363 265649443 31.461117906 252702331 43.733109421 276440057
39.577297979 266441960 31.580981909 253995620 43.603395226 277504561
32.838711468 251471142 31.300160273 251926275 42.901715044 275900896
37.430247278 267509599 31.860512118 254352813 42.83824342 276698498
37.018174311 263328945 31.738575018 254206005 45.020511806 276951233
35.883706685 249814760 32.329737748 253388893 43.6705004 275904446
38.848758647 262364987 31.543342245 252830194 43.322538505 277271449
37.54754757 264762114 31.862213045 254212805 42.691155378 275053378
