0.250152264 2232044 0.18458731 1906300 0.312894009 2508102
0.252329334 2291009 0.186535796 1917971 0.276259409 2520309
0.233673847 2118058 0.181722197 1934448 0.286906487 2539230
0.244595598 2162785 0.190741446 1935038 0.306412156 2479545
0.250018623 2205930 0.192349904 1945526 0.302812759 2548224
0.236655087 2153090 0.176795861 1903835 0.278736396 2575529
0.23590953 2063794 0.176320121 1896631 0.274680212 2540114
0.255736512 2326982 0.201849478 1874879 0.275582213 2505387
0.236369927 2109322 0.191097583 1922714 0.276686267 2540351
0.24920538 2246802 0.180590682 1877078 0.270914709 2501589
0.254301186 2218713 0.191249381 1964353 0.282240711 2552192
0.278473289 2350662 0.176421829 1908092 0.27513859 2543004
0.259685729 2220258 0.181439375 1930732 0.287083337 2521108
0.244845145 2200404 0.18544127 1904158 0.29352587 2561709
0.244836806 2272606 0.218287758 1895063 0.271532564 2482444
0.234324562 2078376 0.183263266 1882060 0.28499491 2498428
0.275047195 2403308 0.184583467 1901820 0.294345494 2545853
0.239361049 2139850 0.190148086 1929981 0.296006558 2517535
0.252066447 2103567 0.191325449 1931535 0.358872486 2455137
0.254677987 2279976 0.192184381 1915920 0.285901095 2501950
