0.0872999 772314 0.056640173 528469 0.100982192 961581
0.109202423 699974 0.057074766 491282 0.181401809 909057
0.134321807 670800 0.053834069 520856 0.114158917 948709
0.083857656 775338 0.055633765 555223 0.112658978 1017184
0.096911681 749912 0.048810277 504870 0.099262335 920589
0.07220859 732388 0.050707518 534245 0.099312841 1001682
0.090167218 806927 0.049994722 527145 0.108065702 943069
0.078534297 744941 0.051010267 539043 0.111154996 1000344
0.078513266 721402 0.050015113 535469 0.104987295 993405
0.08204667 670976 0.052494403 527868 0.104328477 963543
0.073636725 718140 0.049108271 531006 0.100714249 962022
0.080927411 743045 0.048369719 510821 0.103164263 947648
0.078981456 736115 0.047586709 513911 0.099847994 970658
0.089847527 820496 0.049699461 530668 0.097559657 977386
0.080416245 737382 0.047083507 503661 0.101876916 944473
0.073347486 756024 0.051317881 562642 0.101637034 1005582
0.091686329 831150 0.059856288 579695 0.108005472 1072678
0.084028331 788238 0.05099113 539070 0.106560953 983017
0.091150854 751967 0.051026641 532185 0.099712959 976888
0.082258941 749695 0.051592214 547075 0.110104784 1005791
