6.275425315 50105648 5.152938805 48136220 7.134039431 53182294
6.564679803 50494784 5.173224401 48026236 6.918757167 52620074
6.142105066 51249670 5.229900616 48125266 6.923233963 53125892
6.037035971 49568030 5.100809839 47757849 6.841638517 53358397
6.926219549 51925326 4.999039568 48269436 6.821077865 53120962
6.401630509 52953118 4.985748738 48123121 6.80157174 53206273
6.069186912 48097012 5.075159139 48270933 6.944731976 53132398
6.317231325 49736289 5.060911676 48110908 6.904878886 53066555
5.861689728 50600854 5.136729258 48199856 6.819236372 53170154
5.990789182 48219150 4.950944868 48017420 6.812439982 52911531
6.58090767 52130232 5.181455023 48504627 6.806836875 52896160
6.445904568 52452370 5.006749693 47956576 6.759379673 52537036
6.484925411 53025459 5.055596736 48283072 6.997338439 53024397
6.485087813 49286925 5.143750068 47983205 6.995266598 52403791
6.632783101 52001160 5.139593182 48346239 7.056660132 52799644
6.617721974 52976179 5.028006814 48172359 6.965109347 53273424
5.784899443 48531876 5.06511307 48253096 6.923068991 53376666
6.232048028 51712195 4.88855399 47951255 6.762786263 52964220
6.018358048 49768441 5.029947805 48035291 6.788635664 52843616
6.278076788 51029741 5.000824379 48081542 6.91928621 53244059
