0.008150714 0 0.008841134 0 0.00770081 0
0.009684738 0 0.00860007 0 0.009652195 0
0.009671623 0 0.009171121 0 0.009750625 0
0.009712576 0 0.008267845 0 0.009392035 0
0.009435103 0 0.009873092 0 0.014874398 0
0.012265674 0 0.009726437 0 0.009921099 0
0.010158835 0 0.009333838 0 0.010480028 0
0.008788377 0 0.008696832 0 0.007717974 0
0.008671933 0 0.008385859 0 0.008384001 0
0.008547484 0 0.008928522 0 0.008875937 0
0.009023341 0 0.008721666 0 0.009555002 0
0.009708884 0 0.009035876 0 0.009669615 0
0.010130975 0 0.008925141 0 0.00860703 0
0.009271972 32 0.009458342 16 0.009182163 42
0.008991933 0 0.009223082 0 0.007699831 0
0.009516432 0 0.008394258 0 0.009549055 0
0.007568608 0 0.007493164 0 0.007724384 0
0.009273907 0 0.008807417 0 0.008324141 0
0.008344527 0 0.008578811 0 0.009566077 0
0.009498995 0 0.008473203 0 0.008242713 0
