0.414403885 3211144 0.355384032 3030892 0.426409591 3139668
0.365540473 2584737 0.291777203 2544259 0.372259485 2770247
0.418496298 3125247 0.354719804 3098356 0.427876748 3079565
0.400931407 2948412 0.358980283 3047486 0.427370128 3121328
0.334795345 2615074 0.272016184 2470882 0.365461604 2764118
0.408764492 3026260 0.302293688 2727027 0.468361583 3005970
0.415319141 3039259 0.34734347 2927677 0.444452303 3127606
0.434905994 3257868 0.315571829 2854417 0.418253955 3094320
0.431701946 3221779 0.366633744 3088197 0.430731049 3179528
0.389095433 3023482 0.31238479 2844924 0.412762983 3124113
0.418013547 2973098 0.344154985 3073691 0.47063183 3172327
0.504373321 2971479 0.342201799 2934784 0.413812581 3031889
0.376489722 2660176 0.299623173 2559892 0.376395437 2857570
0.398436545 3036316 0.328068309 2800423 0.398558208 2997874
0.424934015 3284237 0.349023801 3122597 0.435171621 3238425
0.432390722 3335599 0.351061143 3143263 0.438707746 3228151
0.35676262 2855908 0.289818285 2643597 0.382518701 2905324
0.362978715 2779270 0.300264792 2658005 0.381036195 2946467
0.371743668 2996556 0.324071087 2594816 0.378726887 2945350
0.399660255 2927572 0.292756482 2649234 0.388784352 2943571
