41.804817403 326204849 35.234496525 307327100 50.188320541 329818503
42.271434925 329138969 35.811476244 307411959 47.038386438 330676868
41.829554315 326366079 35.249981259 307050861 47.207846834 330341487
45.103969369 335434118 36.023132227 307514296 49.07574767 330469702
44.420321154 330278545 36.890322012 307351967 49.200873726 330319234
40.138337376 326613015 34.579638307 307285804 46.871800482 330984125
41.431197026 321142345 34.430413238 307315991 45.992153238 329787998
44.426670321 327573767 36.065614485 307431534 49.301874145 329963621
41.995310624 317258546 35.545604637 307777836 50.101857229 331925801
40.383373669 316632470 35.833224536 307582602 47.650796435 330753486
39.504194084 321196303 34.761847489 307315429 46.791459887 330048835
40.684810892 311424428 35.16733006 307559355 46.699487819 330623487
41.159496323 318869896 35.605221758 307279450 47.455443231 330416149
42.785233167 322145324 35.229980739 307012206 47.964700719 329531692
43.0715307 329073587 34.611400372 307767293 47.051197105 330589132
41.841304785 318936885 34.643785458 307235420 46.536269427 330553781
45.551047478 325649420 35.421636888 307745404 51.036109017 330616634
44.371304142 325573635 35.655714396 307444713 47.760817217 330901976
44.184524783 326858116 35.293254058 307395913 46.369391137 330920899
45.185355167 340585658 34.156025462 307500632 46.429112534 330588243
