1.068269699 9355730 0.572488861 5855266 1.346431444 12166776
0.925273032 8571209 0.564902557 5826585 1.358787377 12243307
0.96956377 9119970 0.659030068 5797842 1.298820948 12151103
0.843405464 8052534 0.509535896 5836017 1.370870307 12210979
0.870178221 8237968 0.553803507 5730898 1.280750633 11969703
0.916541531 7451193 0.516294771 5899980 1.308487083 12303987
1.04143358 8938138 0.486018422 5726121 1.360750947 12035662
1.012860932 8448026 0.517108137 5865276 1.528421504 12258036
1.015453316 8939626 0.538077092 5822742 1.490324178 12124718
0.846528624 7984281 0.506442708 5836941 1.302656509 12159615
1.121820964 8827104 0.509980236 5856270 1.317066909 12272580
1.142278141 9510471 0.501290792 5750206 1.295832395 11998883
0.821364607 8075257 0.548786084 5833255 1.38537489 12303185
0.943261443 8215057 0.533975201 5751951 1.332280211 12017849
0.964638683 9060811 0.641285482 5953649 1.446645937 12438179
0.827936353 7900091 0.541325992 5789909 1.376481099 12125879
0.940679145 8636341 0.516820684 5854337 1.308063681 12176444
1.026345481 9322593 0.499098605 5765681 1.355408914 12025577
1.056327067 9455478 0.574474782 5872433 1.318575964 12298934
0.729304224 7275908 0.567795793 5788536 1.29761026 12113475
