8.997457089 65017052 7.464256249 64793364 9.010615354 60347170
8.500470219 63830772 7.678617096 64736255 9.137179905 60889480
9.017411265 64147921 7.617312957 64953397 9.205516859 60118718
8.430702349 60860676 7.706815832 64827782 9.1478401 61032358
9.075626185 62738417 7.73087534 65047693 9.611122732 60564206
8.666928615 62733281 7.68487057 64730981 9.35443152 60912964
9.172762024 65117890 8.360587435 64844278 9.539603336 60982518
8.878973376 63174388 7.872647582 64820109 9.803470676 60698026
8.490917252 61843251 7.948128935 64926576 9.615436722 60677869
8.589915136 64690466 7.751966085 64830683 9.705791995 61401138
8.803871417 63440832 7.963600547 64855815 10.065105404 60747725
8.826817918 65112436 7.986307889 64666880 10.279748806 60692248
9.470022231 62919949 8.466413894 65018219 9.520530623 60060652
8.672022468 63099963 8.104586629 65090273 10.082809686 59694336
8.903823005 63630618 8.105398939 64580115 10.459294703 60535589
8.274874111 62466468 7.828270336 64681631 10.154109222 60946551
8.576102802 64444302 7.894412429 65043450 9.573913082 60101209
8.891685401 61597214 8.169900909 64772940 9.8353133 61220738
8.689353208 63809064 8.198768327 65068046 10.152906139 60678525
8.841756681 60265094 7.574702448 64861666 9.418345344 60894874
