0.897203766 8424280 0.451130846 5347030 1.352002666 13003371
1.011481453 9211853 0.459709981 5171287 1.306128106 12537428
1.030975028 9810872 0.487111289 5322837 1.356317075 12981211
1.029246563 9846982 0.49332004 5374833 1.350696474 13055613
0.993973686 9042807 0.502730881 5263667 1.330875476 12781680
1.045148802 9682278 0.479148792 5382983 1.389430694 13130411
0.887534923 8435268 0.485042984 5248986 1.371187839 12812049
1.034379181 8918941 0.486685134 5300072 1.386684622 12845479
1.035304122 9972392 0.485324873 5298148 1.394374305 12900322
0.872669288 8131313 0.482495905 5307893 1.418381249 12934330
1.076572013 9567985 0.47747556 5258959 1.415401023 12823204
0.76989011 7688241 0.475216205 5195719 1.389103868 12654805
0.940311564 9231414 0.458429687 5322490 1.347234528 12919514
1.095818508 10033273 0.445409247 5256497 1.345272632 12798208
0.84162462 7976387 0.458826813 5374755 1.352729399 13027681
0.925621825 8260772 0.443793788 5310274 1.330413357 12997666
0.817189262 7809584 0.493269872 5226918 1.310332547 12668261
0.696064665 6734085 0.500659254 5423386 1.410570807 13156261
0.861282726 8332137 0.479000308 5296943 1.374085809 12838037
1.108738485 10072726 0.47676797 5248193 1.391541613 12742962
