23.68296898 187078307 9.525818719 87680500 43.550750715 326295177
18.526654934 154677893 7.649093926 72978296 36.712700902 282196200
23.022728161 191270170 8.598412963 80362698 40.298914719 304960110
24.123112581 188928857 8.901153931 82370709 41.363041903 309223587
20.051614085 161343500 7.916911101 74676535 38.610416859 284269061
18.895740314 158325431 8.709793516 80819645 38.825357858 302653567
18.673702371 154942085 7.792723339 75003405 37.358236073 287760291
23.282054471 184526314 9.091612582 84199832 40.952760551 314475715
22.920178167 187308185 8.939111906 83856694 40.584698703 314078902
21.911596148 175797151 9.015602952 84433365 40.356741165 314210477
21.571470166 173566434 8.557928301 80544689 40.690215392 303932534
20.154254854 161608658 8.408053659 78947967 40.003231759 302283064
22.555358445 184939891 8.75873914 81666917 39.755426148 315990343
21.560885391 175091150 9.070760308 83997284 40.108757055 312124422
19.78873366 157541529 8.117398002 76853043 38.383570242 294793045
21.006038006 168185684 8.448765162 79677554 39.68969585 304768127
24.526032912 190669915 8.995663332 82401086 41.129326072 309817830
22.280876871 178941065 8.471305822 80087394 40.206181948 304040662
20.115334716 162942584 8.441223129 78772380 39.125002776 296332689
23.359441576 185119098 9.091218584 83261439 41.130422109 313559093
