339.815717872 1572727521 341.444702226 2003700049 318.515813026 1185234672
337.86033657 1544933427 336.517048051 2003514265 314.043971953 1185364164
333.016365334 1648707193 338.123863994 2003465861 316.589713743 1184610831
329.614186016 1517100806 343.414249154 2003368535 321.020722515 1184722022
322.642800102 1626246322 342.281379477 2003031880 318.001572365 1184548478
317.14427621 1608796649 335.44634574 2003654557 312.51623838 1184780378
324.458643712 1569420274 335.962097475 2003405496 312.338853077 1185282125
342.951924152 1631147762 361.184499614 2003503075 333.908004579 1184850804
333.260886605 1697849836 339.471206709 2004111811 317.260757779 1184962654
323.490582803 1645464691 338.380940019 2004168064 314.805442618 1184646279
323.0309416 1567156450 336.695374386 2003832671 313.412981312 1184738627
329.33812649 1692032694 334.729295539 2003675942 311.533625809 1184928977
325.370719114 1581133630 345.817172815 2003795863 322.746206721 1184664173
320.855834066 1560946146 340.922217071 2003802496 316.43903527 1185096303
342.510126249 1647825554 341.067979444 2003427385 317.240309966 1185178493
326.65668394 1516505371 336.793121008 2003351497 315.363692359 1184634864
346.704479825 1623584187 357.361825983 2004554102 330.026471099 1185140549
331.874082444 1750772030 344.162529396 2004095560 320.571810367 1185214528
328.611512373 1734698616 336.565097651 2003945485 313.896105372 1185508940
325.867025123 1551319245 335.99087025 2003940952 313.014577585 1185036477
