66.617657561 508484672 28.708767181 266918701 109.614930619 741759171
69.673797309 519833475 30.908504779 286036605 117.838853981 776327048
78.875422039 601789358 33.824915992 316542761 128.858172002 853076555
65.840680704 511347722 32.893506892 305483380 122.864591398 812050894
62.146378718 482461343 27.460036557 262746201 111.18286705 753526933
66.739418002 510234758 28.891474064 275681986 111.785572045 754770445
77.549468224 567090541 33.758959498 310094725 121.894655024 790374310
74.343908656 553353191 32.965726818 307186270 121.559604797 796600241
63.888655265 472577658 28.202005808 269827867 110.919463414 736825933
69.778373885 529613794 32.612350809 303759584 118.111109504 790585712
65.964130217 516204352 29.363494021 276487388 113.085900832 769689768
77.086011919 570453670 35.099132839 322384197 134.006100197 872576522
62.100692673 475606354 26.682516868 251960931 105.232120603 718306624
76.123102146 576776958 33.554161287 314607774 127.933832569 847374701
75.264537323 565450951 31.80719174 298432922 123.163024631 818696972
63.984056226 489242638 30.912095355 283172379 112.172274445 763261290
70.176768724 545845475 33.929045347 321468103 127.021214582 835453482
90.861989171 640361369 36.471036011 334527210 136.705103637 887427305
63.837266182 496201161 30.854441055 292067504 113.866303472 770149420
63.34705743 480055177 31.53850984 293767297 115.168159154 749320657
