0.108037077 356756 0.026902231 213068 0.053567311 444936
0.038258953 358065 0.023762255 233048 0.048737288 478065
0.039177987 349957 0.026447478 240967 0.055402404 499137
0.033404746 304521 0.028342836 235544 0.057900381 503511
0.046710834 383712 0.025572337 251764 0.054074963 532428
0.047943537 404466 0.028496509 241711 0.062742619 512765
0.036597079 350740 0.024146514 224976 0.048371668 470641
0.05782189 396338 0.031737681 240642 0.056959302 516314
0.035458807 325419 0.023042755 209702 0.086269275 446719
0.041352593 329131 0.02473107 236733 0.055532113 503309
0.033570052 337885 0.024353889 234333 0.048639995 500998
0.039720405 391946 0.02756243 255558 0.056837623 544910
0.039999086 390600 0.024850729 230950 0.049856971 498003
0.038864671 344000 0.024885727 213299 0.054686492 471067
0.043065217 349781 0.023125514 219447 0.055484408 468829
0.041804968 324741 0.024636376 217859 0.049852254 457468
0.036067144 316577 0.02619219 199620 0.049893164 425659
0.041867313 356610 0.025171687 224511 0.057385357 476938
0.035921209 317825 0.029049346 230745 0.057169847 478096
0.030319519 246251 0.02644448 195249 0.051374964 417711
