0.002458329 0 0.002925947 0 0.002450268 0
0.002119013 0 0.002204748 0 0.002205455 0
0.002916477 0 0.002701041 0 0.00247873 0
0.002984577 24 0.004166043 23 0.002732246 20
0.003560303 26 0.003899755 16 0.004016332 42
0.002540426 0 0.002475219 0 0.003287571 0
0.002516284 0 0.002431663 0 0.002539327 0
0.004721218 0 0.002547269 0 0.002785992 0
0.002348102 0 0.002351903 0 0.002308965 0
0.004234451 0 0.002752172 0 0.002516743 0
0.002436626 0 0.002340388 0 0.00243675 0
0.002634399 0 0.002560461 0 0.002636819 0
0.002556352 0 0.002541838 0 0.002722804 0
0.002785108 0 0.002600304 0 0.00240041 0
0.002504226 0 0.002393387 0 0.003190272 0
0.00241202 0 0.002150532 0 0.002595722 0
0.002324009 0 0.002496728 0 0.002549949 0
0.002500012 0 0.002342778 0 0.002112129 0
0.002374551 0 0.002301902 0 0.002343304 0
0.003287725 0 0.003765537 0 0.002657521 0
