59.949165476 455642204 18.905350195 184001014 134.414764633 997496566
72.463590117 557557739 18.728163042 183070261 134.443090956 991898010
57.907717971 467914477 18.316368117 177066123 130.147659827 959899459
57.621525633 466906751 19.406725088 188420716 139.311109203 1023314369
66.773756449 544702517 18.459067574 179547918 130.818880198 974842268
67.965575394 511832276 19.0309577 183472454 134.507899215 987016839
65.322673393 490576343 19.809327484 192810258 142.109438225 1040440865
80.628978313 608211334 19.584363959 187386461 139.240781746 1009763087
55.939566129 462337378 18.513755671 180108944 131.484210427 982096376
64.401374159 509425784 18.973550376 184131813 136.881774793 994475422
69.033361551 536673748 19.029051382 184786287 134.687581859 1006987405
68.169302784 519205908 18.702459111 180792974 134.471358908 982605993
59.274972481 483799975 18.305648792 178565119 129.335069976 962862998
69.362185119 574931690 18.841253172 185137143 134.550566865 1000508409
66.496812063 532281671 19.227146873 186407205 134.384523024 999851307
68.150667527 530407126 18.991695441 184176406 135.005287844 997092394
64.984098688 511966835 18.632215685 181464828 132.18176249 979398835
58.195373193 448766831 18.150426112 177487730 128.871858683 955408780
53.010359542 446010962 18.753994478 183327427 133.538998774 997488145
60.607740165 507441576 19.383526496 188828132 138.140020452 1020363968
