0.621508996 5479164 0.349172861 3790990 0.865855331 7699282
0.702953327 6044077 0.427617029 3880827 0.883047931 7989957
0.679609228 6167564 0.375747478 3767728 0.832078716 7697922
0.585429036 5327505 0.381954529 3520433 0.880990765 7249336
0.562893476 5176414 0.310304673 3380778 0.788879768 6985317
0.543644355 5221644 0.350353344 3754842 0.85091198 7744870
0.739627669 5281701 0.327795298 3716214 0.79435166 7647265
0.652312079 5567078 0.367382763 3716828 0.925667302 7574840
0.618141816 5266452 0.341982642 3676648 0.840264046 7554250
0.831011258 6085053 0.342766453 3819917 0.829678714 7848437
0.684977092 6065991 0.392484929 3995085 0.896899379 8127539
0.557088804 5489724 0.334800713 3643011 0.832820074 7562874
0.591394125 5130709 0.486295654 3754076 0.81181811 7776687
0.56507656 5329150 0.353996303 3856697 0.871454476 7970890
0.630574168 5676815 0.325000447 3689891 0.797072649 7615014
0.712834498 6006656 0.326405024 3443399 0.796677149 7054880
0.576964127 5620548 0.301853681 3476330 0.732467936 7157410
0.665268273 5625745 0.374704991 3817068 0.887092422 7841641
0.540929096 5070900 0.343735308 3735094 0.840120231 7623606
0.665383568 5869058 0.381977585 3896024 0.858682422 8075717
