1.934850882 6368695 2.035855278 11032742 1.513367377 3745977
1.647624767 7373303 2.17768365 11034355 1.747143629 3746952
1.988477526 7682664 2.12109982 11035934 2.061389317 3743240
1.661053517 8066937 1.7199349 11042246 1.495633659 3742789
1.55172482 7408898 1.698957523 11043069 1.247795624 3737971
1.581395839 7234234 1.735881775 11027669 1.274640646 3750138
1.650261156 7264112 1.76027857 11026969 1.302247371 3746562
1.556150388 6636536 1.759903995 11041358 1.368590059 3744233
1.652469623 7596939 1.832931006 11026029 1.336985078 3751549
1.49520175 5869817 1.77774961 11027427 1.396249059 3754318
1.487912837 6163660 1.749307428 11026434 1.404743841 3748708
1.635929759 7819058 1.782409934 11033797 1.373416933 3755644
1.394299823 5090040 1.91393168 11038079 1.534611656 3739059
1.611266417 7586143 1.730373402 11023545 1.465752872 3755455
1.632903438 8181586 1.799887146 11023576 1.535860137 3750944
1.864568528 8723699 1.949115659 11030419 1.552630057 3747797
1.576655752 6990812 2.008225685 11048169 1.548133199 3741346
1.693062928 6614764 2.000884935 11044178 1.451814547 3743320
1.689281167 6814619 1.758128071 11043184 1.398672818 3739793
1.586122014 6643503 1.876328144 11040291 1.316398184 3740172
