94.916944366 697618909 75.930154619 623500694 117.132712893 763588541
96.536342443 684720816 78.208474342 628710893 117.658442058 767314620
100.449088969 724789598 77.358145808 625867093 115.381757056 767479923
100.280508052 713020120 79.788679613 629450225 117.439159833 766660664
88.627151013 654866534 77.656867275 625428968 114.766613857 767646206
92.008788923 665430577 76.692927231 624224987 114.411308202 764648641
100.862972395 690558732 77.945285668 627165024 115.911547317 766679095
98.099514792 719274750 76.354889416 626253089 114.071235177 764218142
103.425400919 734760966 75.972790271 624063839 112.833047552 765738829
94.075192801 673826725 77.674192614 627848085 113.79544659 764623621
87.619742843 647233664 77.258796085 626042597 119.584894715 762083135
100.064992202 688395022 79.189998968 629652074 116.743979945 763253251
87.293870593 656964984 77.716929065 626519286 114.783758735 764990104
98.311875092 690802570 76.924347599 627565418 114.225797692 761959274
100.420020506 734671085 76.911960434 624626330 113.291893971 764769183
97.870173799 695471430 76.974444132 627691780 118.927093428 766394651
101.26389788 718781844 77.648902139 621603605 114.694544347 764904757
105.276420254 709448552 77.84784417 625245482 115.285322614 763022582
97.290689477 671286482 77.205175673 626469152 113.611205838 766015628
90.475258698 679026104 76.916588875 625589512 113.710183423 765102146
