34.310021862 269298584 17.317618633 164148969 61.128584308 403042674
41.886997517 320504140 17.555733909 168252849 64.571851704 423373649
44.531710229 346096650 21.962831521 210726800 72.432963151 492603554
46.803716541 330081109 20.423992102 194592458 70.060379906 451639345
41.251623703 314090989 19.455353481 186213343 65.392451484 446252829
42.256919233 325957552 20.252468415 195241983 69.563537567 474934953
41.279113822 317315518 19.282301209 180567864 67.182851758 442173993
37.061176031 270008140 17.122877025 161153121 57.505875131 383448986
35.989002056 277828120 18.635685472 172873195 61.322180839 402243284
40.948920286 305728997 19.008023111 177566141 65.154504227 425395145
42.551452068 319692806 19.749379188 188796811 68.694120795 472182085
42.377675127 307194799 18.618515605 174725624 68.753001995 449006613
36.219548842 288900272 18.424270698 173149977 64.151480394 421901800
40.461336517 307492202 19.124702345 177741441 65.556682166 429345502
40.221060906 306648543 18.636078214 178836967 64.504569479 433504705
38.816425589 295573166 18.013707855 169386439 64.236267396 414142899
39.425822643 293076311 19.37854978 180266448 67.517171032 439949571
38.240169372 284886607 16.257934101 155126886 59.490600083 392542053
42.907278042 338588100 19.926794494 192002217 68.176241778 471023141
43.822513391 339356811 22.002650021 207673732 68.351211072 468581580
