0.550985893 39165 0.458724893 19241 0.508438793 64062
0.466156688 28527 0.466296015 17900 0.467529715 47193
0.508323877 83650 0.467692502 46212 0.506671667 114564
0.541006431 84731 0.453178114 49997 0.511234047 126198
0.508739592 98019 0.453862498 58053 0.533979572 141708
0.536411144 117267 0.469264387 60351 0.500785046 158558
0.586291546 87717 0.465538916 43340 0.511830148 127794
0.557690202 27264 0.468989654 18392 0.590395581 42467
0.485827155 42518 0.428984456 29964 0.510120892 52191
0.534737134 79914 0.450972635 42923 0.516511322 120407
0.551252783 58266 0.448714951 31280 0.586310344 91406
0.482610523 65289 0.439676076 37650 0.449610517 98981
0.560217802 160175 0.450992164 106442 0.573424413 210168
0.547142153 53283 0.452804817 29379 0.536310892 83065
0.511764416 103222 0.461189293 60703 0.555167096 150657
0.523259089 26696 0.438379775 15216 0.530967314 43079
0.528219684 31631 0.485997648 17316 0.519603049 47751
0.528871763 38906 0.462603518 21592 0.531466525 58138
0.588303063 228058 0.478543038 179348 0.578973479 265508
0.522714686 75713 0.469386707 40818 0.512857819 111178
