2.909826478 26544751 1.671436964 19076142 4.096147008 38646521
3.376019727 31284473 1.701372826 19491585 4.235303827 39593898
3.496193789 28909974 1.696563964 19344696 4.228356478 39553684
2.782170737 25563048 1.776492448 19091096 4.095555999 38656769
2.636083643 27095236 1.685098111 18702548 4.014323286 37953655
3.094071856 28371287 1.700502 18817029 4.075623216 38455855
3.289807584 30581689 1.673164006 18643823 4.002072161 37808399
2.947972134 28257622 1.759132001 20118951 4.404769669 40926758
3.300374424 27881072 1.665923546 19167668 4.188530762 39105604
2.962506174 26359889 1.670474943 19134000 4.129757561 38452971
3.39606196 29119062 1.752671095 18541411 3.950691466 37513529
2.760232981 27561857 1.670581626 18666591 3.976935358 37761874
3.410529641 30670434 1.657611315 18344551 4.096408119 37355536
3.012303201 27741346 1.712122445 19108677 4.295459872 38674258
3.119965792 28696851 1.807255986 18793710 4.099918429 38292477
3.182732148 28028514 1.625217191 18720786 4.093409174 38008266
3.256833567 28897599 1.673720569 19118289 4.105469901 38688835
2.883146187 28359163 1.804240377 19114558 4.169025826 38617923
3.322315119 31316000 1.753567166 19358355 4.153039891 39216124
3.157655498 30086628 1.776805009 19548900 4.183492045 39367434
