2.851955055 27336712 1.460503557 16450174 3.892530515 36682498
3.04524576 28655013 1.395446796 16609162 3.971298872 37074327
2.371358554 23241770 1.492689551 16717754 3.930800531 37326190
3.293866509 31214634 1.45190485 16639254 3.932491139 37048806
2.55685209 24090530 1.40806069 16605623 3.966255405 37147779
3.116266172 28225086 1.400014495 16617112 3.937609308 37241631
2.833828144 25140240 1.55883295 16629835 3.927095381 37262807
2.993536901 28853637 1.445581058 16610881 3.975390819 37174663
2.728304834 24527714 1.404774283 16635468 3.968574018 37143682
2.855420792 25610424 1.476484997 16635911 4.11222612 37155006
2.672639955 25678331 1.417941917 16636450 3.939351419 37200297
2.916387517 26848784 1.370463652 16350454 3.906133802 36649346
2.591095584 25530927 1.520773809 16633968 3.927031477 37062607
2.786582964 24636278 1.435788581 16707885 4.003357248 37213101
3.23296309 30079278 1.407341297 16594045 3.957400984 36993598
3.143912575 27450857 1.437830856 16513051 3.972044201 36997430
2.754755456 25562913 1.482762251 16606023 3.921151601 37112142
2.819693802 26523540 1.40486177 16638191 4.131286406 37115562
3.224152368 28104539 1.45675795 16441073 3.88753329 36760569
2.806072447 26318675 1.433905059 16492033 3.906115597 36871725
