25.222377322 218057696 17.998005984 181727849 30.195298998 250396331
23.758906152 222979720 18.093229381 181979740 30.658668752 251537541
25.041469981 219284904 18.248992239 181545511 31.212161012 251487186
23.916948503 215107338 18.658484718 181579779 32.160853941 250820943
24.262241344 203594514 18.591442498 182160810 31.1895886 252002784
24.136848028 215158685 18.350605265 181497383 31.351487862 250924219
26.341301322 219344894 18.639040841 181430958 31.831732946 251440568
26.346412621 217903943 19.12757601 181762950 32.485624863 252273469
28.651815496 232694674 18.068673436 181877145 31.431725213 252022750
25.735775953 222643600 18.317640597 181654594 31.12533663 251555202
26.843595983 228233522 18.34165587 181332330 31.472608661 250988806
27.104744835 220008513 18.710783145 181267249 32.434699353 251378713
23.458178316 208557242 18.543109612 181776232 31.977549836 251598987
28.057851122 225225511 18.842626139 181598019 32.036424124 252067780
24.196226244 216463792 18.436998685 181742759 31.308762827 252007630
26.739405422 220026197 18.659983618 181687914 32.278527182 252544473
26.006143589 223592133 18.26431739 181700207 32.323977797 251680742
23.231391404 205360060 17.985587888 181877485 31.101777303 251452072
24.124058081 203556595 18.435710844 181486756 31.234871075 251179789
26.928241928 225265086 18.695351611 181613200 31.987707893 251516784
