2.021734354 0.39705441 1.651737741
2.139263009 0.405241396 1.674272372
1.850545992 0.381401959 1.540036475
1.858097383 0.380667861 1.632409914
1.839429529 0.379946407 1.732444739
1.800923647 0.453593243 1.71578456
1.713744001 0.361002241 1.55780803
1.713277352 0.396566584 1.64362073
1.439519075 0.318662292 1.32494004
1.97638995 0.458341228 1.713589069
2.001579718 0.432855312 1.738595609
1.742060621 0.360813689 1.500837265
1.703436205 0.348312651 1.454277596
1.81481597 0.358612883 1.670911598
1.649555271 0.357689027 1.617384781
1.68769162 0.362274378 1.571292592
1.899123561 0.425853882 1.751612338
1.78372995 0.399842924 1.656703939
1.725930099 0.391720581 1.591700038
1.612786036 0.346379932 1.49360355
