1.095445285 9618581 0.519103737 5993523 1.34443058 12466656
0.918398504 8976653 0.500186318 5929285 1.27050077 12470287
0.989677346 9319834 0.50077726 6048464 1.297526534 12536487
0.787126813 7548783 0.528976593 5992756 1.280654273 12481587
0.986541947 9792530 0.530672419 6018156 1.289741533 12482999
1.052975809 9049140 0.541303941 6142651 1.338552795 12736543
0.912042493 8859314 0.542088959 6018480 1.338197522 12553840
0.918965353 8609614 0.537439989 5975157 1.337815743 12406270
1.066051863 9442915 0.5205901 5950495 1.375347666 12362102
1.00042214 9607917 0.539080484 6081173 1.377975945 12563734
0.957610099 9327588 0.491355583 5934621 1.261765972 12439047
0.830907435 8033571 0.503754264 5888721 1.235955112 12245274
1.101438887 9736982 0.538404131 6061471 1.291202475 12586618
1.282027025 11299582 0.552677182 6106282 1.32020094 12615104
1.141422575 10112451 0.538398138 6053393 1.329319799 12469290
0.968044671 8475549 0.536003843 5904737 1.339828318 12281839
0.995093278 8504177 0.518930753 5923797 1.389560985 12376511
1.2410891 10159696 0.518480091 5962402 1.40841695 12540538
0.931082958 9490946 0.499687598 6027398 1.290916614 12547658
1.150648375 9963477 0.495129027 5922433 1.314150998 12203705
