20 0 0 0 4054 3997 2031 609 0 512 912 437 114 89 5 40610 39959 25439 20060 40031 30153 18835 4856 1429 10121 6841 9126 5147 6292 9044 4454 7599 4623 1663 5102 5198 5042 12649 4690 1285 2333 936 1258 1144 264 1253 1094 1125 1839 615 374 2538 1207 2321 125 53 91 138 49 595 452 176 170 291 221 44 44 32 64 8 4 0 1
16 0 0 0 3574 2256 1604 212 0 410 849 257 90 82 9 36775 25396 14125 19553 35100 16858 6530 3950 321 8909 6407 5468 4804 3583 9320 2635 6166 4490 314 3059 4730 3179 6905 1573 1006 1854 920 806 1113 137 1227 1024 603 1722 327 124 1461 1207 1325 102 36 81 290 54 495 387 169 88 127 220 26 62 53 36 9 3 5 0
25 0 0 0 4362 5534 2144 1142 0 534 1480 908 168 232 18 40209 52832 31396 20354 40012 39205 31699 5124 3425 9804 11026 17307 5160 8102 13957 8266 7535 6991 3614 6450 5083 7007 16501 8142 1207 3152 2205 3980 1784 655 1318 1630 1927 4497 855 724 3266 1837 4398 199 214 95 520 213 785 1012 691 205 549 570 51 118 147 111 38 12 18 0
24 0 0 0 4337 5268 2109 1019 0 541 1308 816 151 173 16 40625 51106 30530 20864 40318 37441 29324 4864 2804 10175 9275 15561 5107 8062 12648 7843 7749 6243 3558 6401 5208 6526 15529 7209 1309 2875 1632 2950 1579 616 1363 1479 1808 3272 827 616 3178 1618 3916 147 115 101 446 197 771 779 471 173 467 433 48 113 123 70 19 5 8 0
14 0 0 0 3232 1786 1651 139 0 405 700 156 81 63 6 34635 19246 11784 17343 35019 14673 4456 4614 195 8556 5432 3469 4283 2986 7617 1633 6644 3972 123 2406 4430 2514 6335 1172 1099 1838 713 460 974 55 1061 836 410 1428 386 108 1305 950 881 104 41 97 196 31 436 312 105 86 113 192 22 54 27 37 12 3 4 0
26 0 0 0 4415 6297 2424 1331 0 564 1552 1019 211 233 17 39342 55315 37652 19302 42740 46463 38237 6043 4143 9971 11582 19473 4798 8909 13443 9644 8001 7487 4800 7264 5168 7405 20147 9909 1320 4004 2234 4233 1739 811 1203 1900 2625 4443 1042 1013 3823 1856 5183 281 208 88 501 218 944 1199 660 238 775 612 60 128 153 155 44 9 10 0
15 0 0 0 3440 2250 1539 235 0 400 550 171 59 45 4 37312 25033 15058 18977 33896 16872 7631 3509 395 8882 4072 3652 4805 3680 6176 1873 5836 2782 410 3166 4509 2966 6833 1859 1029 1178 437 391 695 54 1157 724 391 995 300 129 1417 757 878 57 29 76 131 25 308 217 68 86 82 109 18 27 23 22 4 2 0 0
15 0 0 0 3460 2258 1691 233 0 413 504 186 88 34 2 36992 24537 14908 18729 36155 18239 7277 4371 352 8820 3427 3659 4646 3677 5586 1967 6434 2470 513 3130 4784 3424 8237 1994 1063 1759 321 350 632 89 1131 952 656 674 460 206 1592 644 1017 143 10 86 54 16 425 216 47 99 170 102 27 16 8 37 3 4 0 0
24 0 0 0 4328 5285 2117 1038 0 547 1323 756 153 214 16 40625 50802 31148 20684 39732 37899 30098 5022 3147 10310 9656 14309 5117 8148 12935 7398 7873 6169 2825 6366 5217 6461 15782 7530 1319 2793 2019 3339 1586 453 1286 1502 1628 4062 760 617 3197 1609 3671 155 221 109 438 157 734 920 560 211 420 497 46 118 145 131 44 6 13 2
16 0 0 0 3594 2847 1819 367 0 462 463 166 45 23 4 38561 29802 19338 18426 37613 22545 12084 4618 801 9648 3529 3829 4950 4803 4800 1772 7226 2666 652 3780 4908 3641 9538 2999 1250 1010 278 257 653 40 1193 467 368 488 476 246 1977 658 973 56 6 97 142 37 239 122 30 115 86 79 8 36 9 9 0 0 3 0
22 0 0 0 4210 4397 1880 800 0 460 1079 575 150 150 15 41788 46122 25719 21545 38026 30239 23001 4371 2193 9241 7871 10974 5501 6216 11219 5440 6287 4957 2073 5459 5115 5510 11925 5422 1009 2740 1346 2173 1241 291 1260 1596 1531 2924 564 405 2436 1418 2502 208 109 82 432 145 667 752 360 119 352 322 40 114 114 115 25 7 11 1
19 0 0 0 3913 3278 1810 429 0 455 1050 395 128 133 12 39398 34485 20485 20283 37508 23624 13144 4344 912 9388 7993 8158 5120 5025 10893 3980 6394 5304 802 4264 4972 4126 9504 3041 1048 2508 1419 1511 1292 192 1222 1366 991 2733 422 233 1918 1474 1839 150 101 94 375 85 678 684 292 85 241 335 33 89 87 81 30 3 10 0
16 0 0 0 3612 2553 1760 293 0 425 610 216 85 47 4 37673 27635 16528 19287 37635 20229 9181 4642 527 8930 4450 4539 4954 4064 6621 2204 6506 3169 587 3480 4837 3679 8756 2359 1086 1834 487 510 760 87 1169 880 640 980 455 214 1783 807 1194 129 17 88 122 29 449 261 80 80 167 137 25 37 19 38 2 3 2 0
25 0 0 0 4327 5547 2179 1135 0 523 1463 902 196 242 21 40081 52321 31547 19801 40329 39708 31693 5360 3402 9737 10492 16656 5058 7987 13839 8463 7324 6806 3562 6368 5198 6831 16916 8139 1214 3614 2241 4004 1584 631 1163 1918 2214 4408 821 699 3198 1683 4295 263 234 94 578 209 890 1204 680 194 596 567 52 157 201 155 43 9 22 2
17 0 0 0 3615 2715 1472 391 0 397 563 237 58 48 4 38936 31925 15874 20301 32692 18915 11476 3178 818 8720 3866 4756 5203 4273 6513 2304 5758 2741 815 3505 4568 3741 7464 2630 993 1088 477 549 738 81 1194 676 461 960 346 201 1647 808 1051 58 21 96 109 29 295 216 79 100 124 116 11 29 21 17 3 2 3 0
22 0 0 0 4247 4614 2042 844 0 520 986 559 141 130 7 40989 46234 27539 21218 40285 33842 24499 4705 2357 10227 7002 10451 5276 7174 9960 5535 7554 4512 2259 5903 5277 6094 14649 6482 1306 2606 1187 1986 1091 310 1226 1430 1461 2469 769 546 2993 1218 2760 192 102 113 173 76 710 646 307 184 442 295 40 42 49 101 18 9 4 0
20 0 0 0 4022 3794 1961 581 0 500 990 439 114 115 5 39952 38196 23465 20123 39415 28309 17151 4636 1363 10016 7534 9067 5016 5981 9937 4253 7262 5013 1408 4725 4963 5358 12543 4558 1191 2303 1201 1522 1248 237 1310 1166 1002 2301 680 447 2573 1315 2407 137 87 107 164 43 584 589 246 165 282 328 35 35 34 72 24 0 4 0
12 0 0 0 3058 1719 1696 139 0 442 262 72 38 9 0 32790 18032 12718 16391 35969 15454 4979 4823 191 9395 1955 1664 4014 3350 2804 872 7987 1552 204 2560 4658 2306 6582 1315 1368 862 97 75 388 18 1117 388 254 214 333 104 1333 370 417 61 2 100 0 0 221 55 9 97 55 38 21 0 0 8 0 0 0 0
23 0 0 0 4292 4844 2108 861 0 478 1298 722 145 173 15 40311 47562 28873 20641 40738 35335 25181 5403 2259 9227 9438 14060 5695 6635 12909 7010 6773 6329 2648 6013 5310 6235 14612 6176 1000 2838 1730 2755 1419 524 1341 1392 1604 3312 772 587 2811 1609 3611 165 133 74 433 166 644 799 468 168 379 474 38 101 104 72 17 6 15 0
16 0 0 0 3637 2399 1785 231 0 449 851 234 116 85 10 37343 25208 16216 19314 37785 18757 7391 4476 389 9433 6810 5064 4584 3904 8738 2430 6608 4483 315 3249 4854 3378 8187 1917 1093 2433 951 776 1085 86 1200 1228 696 1844 396 159 1670 1293 1327 155 41 94 313 49 643 483 152 104 186 235 30 99 65 68 16 8 6 1
13 0 0 0 3050 1694 1618 135 0 383 468 119 51 28 4 33316 18193 11372 16071 34555 14704 4422 4809 168 8265 3350 2596 4192 2929 5187 1359 6577 2760 229 2283 4370 2422 6301 1219 1075 1180 308 211 598 38 1019 561 292 601 321 95 1190 611 730 65 9 97 138 24 276 123 36 88 71 72 11 31 14 16 3 4 1 0
24 0 0 0 4273 5163 2196 947 0 514 1486 830 183 229 18 40038 48191 30837 19764 40563 37736 26784 5342 2604 9621 11336 15869 5130 7258 13835 7834 7074 7047 2800 6055 5034 6600 16534 7368 1119 3521 2242 3659 1668 623 1205 1693 1965 4420 910 708 3126 1798 4333 192 210 83 508 195 835 1062 645 211 549 625 38 129 145 138 48 15 19 0
26 0 0 0 4423 6106 2266 1333 0 554 1496 992 176 257 18 39764 55724 35073 19900 41070 44052 37366 5410 4314 10095 10886 18047 5139 8907 13918 9432 7709 6936 4299 7153 5178 7636 19084 9893 1256 3232 2290 4534 1655 706 1258 1695 2161 4778 1020 983 3774 1694 4950 195 269 107 498 212 803 1065 761 264 589 647 35 97 168 135 50 14 17 0
30 0 0 0 4580 7949 2326 2263 0 555 1732 1466 223 303 28 39582 70395 42794 19579 40314 53004 60461 5413 8995 9574 12411 26345 5054 10684 15267 12915 7381 7884 9130 8685 5238 8407 21232 14695 1183 3994 2854 6561 1817 1177 1208 1968 3465 5424 1024 1085 4076 2011 6343 262 298 81 750 435 940 1388 965 250 790 672 58 222 257 167 39 15 28 2
18 0 0 0 3904 3525 2203 459 0 542 726 303 109 49 5 38929 33917 24223 19152 43053 29394 14977 6035 967 10716 5589 6663 4596 5937 6958 3249 8658 3929 1188 4577 5326 4606 12985 4067 1486 2420 543 623 984 153 1266 952 992 1052 697 344 2604 1029 1803 157 18 108 155 45 561 312 76 173 268 144 42 51 24 50 1 7 3 0
19 0 0 0 3984 3664 1952 541 0 520 776 354 99 66 8 40210 37363 23512 20376 39469 27816 16848 4604 1251 10507 5624 7340 4831 6154 7943 3711 7808 3941 1385 4870 5211 4794 11759 4188 1341 2003 664 844 1005 168 1359 1037 974 1330 565 380 2514 976 1839 123 36 106 248 89 538 337 119 163 228 198 40 63 29 33 10 5 3 1
21 0 0 0 4096 4398 2203 699 0 545 1008 528 125 96 7 39961 41969 27651 19712 41520 34544 21365 5912 1665 10588 7322 10743 4782 7053 9738 5372 8480 5141 2192 5431 5226 5457 14713 5604 1409 2593 997 1493 1289 353 1320 1185 1386 1959 740 477 2910 1258 2902 151 43 114 207 82 641 504 217 187 312 255 44 63 42 52 5 2 1 0
14 0 0 0 3297 2013 1702 176 0 431 506 150 71 36 2 35339 21305 13734 17598 35841 17057 5833 4729 250 9093 3691 3160 4331 3573 5527 1718 7227 2630 294 2823 4609 2803 7330 1583 1188 1467 370 333 671 58 1138 758 450 783 379 127 1476 709 831 107 13 99 52 12 367 214 59 97 113 101 30 19 10 22 1 4 0 0
22 0 0 0 4207 4606 1975 829 0 524 1022 587 119 119 5 41290 46649 27584 21044 38797 32700 24478 4409 2179 10405 7189 11448 5282 7346 10353 5752 7555 5011 2529 5889 5217 5580 13377 5909 1325 2232 1173 1895 1258 390 1338 1236 1345 2340 623 460 2738 1297 2797 143 80 121 151 57 603 567 271 178 313 289 36 31 32 59 14 2 3 0
25 0 0 0 4400 6180 2590 1212 0 593 1458 881 193 191 16 38381 52878 38605 19223 44987 48012 36596 7128 3679 10324 11291 17708 4660 9142 12490 8767 8813 7532 4227 7379 5517 6968 20322 9598 1370 3910 1941 3347 1671 636 1286 1627 2408 3882 1077 844 3798 1785 4772 276 147 87 502 182 916 1040 500 243 581 493 59 130 144 119 26 14 11 1
16 0 0 0 3449 2567 1465 369 0 374 448 161 40 27 3 37795 30115 15458 19084 32480 17845 11226 3633 813 8289 3231 3699 5171 3936 5028 1559 5497 2571 630 3337 4515 3110 6436 2297 951 931 390 269 640 40 1082 440 321 539 271 135 1336 636 754 43 16 72 101 23 210 140 26 61 59 57 17 22 14 9 1 0 1 0
18 0 0 0 3854 3260 2099 399 0 490 845 313 121 97 7 38264 32192 21696 19346 41305 27212 12849 5907 844 9790 6439 6335 4823 5245 8700 3513 7995 4401 732 4344 5262 4275 11688 3473 1293 2440 941 1074 1021 126 1212 1219 931 2028 627 320 2236 1078 1709 188 71 101 176 56 558 556 190 153 237 284 41 45 31 76 23 5 7 1
17 0 0 0 3746 3004 2033 355 0 509 692 264 84 57 4 37121 30275 19879 19099 41216 25564 11583 5654 680 10213 4963 5579 4649 5325 7151 2944 8695 3787 787 4106 5291 4021 10999 3024 1478 1785 581 646 943 133 1221 897 694 1207 577 289 2236 892 1502 119 30 114 126 33 442 282 90 129 176 163 29 35 19 32 5 3 2 0
19 0 0 0 3933 3582 2056 505 0 484 836 361 113 92 11 39300 35993 22922 19687 40631 28958 15679 5655 1156 9690 6000 7028 5036 5606 8696 3892 7722 4200 1143 4527 5309 4848 12301 4233 1255 2226 843 1100 989 148 1184 1188 996 1884 649 353 2345 1041 1941 163 68 90 294 90 552 441 187 167 282 254 29 68 54 58 8 6 14 1
20 0 0 0 4075 3905 2259 519 0 539 1127 486 152 117 18 38264 36664 25675 19661 43441 31986 16093 6119 1095 10250 8573 9991 4508 6290 10706 5175 8498 5803 1445 5165 5415 5193 14161 4610 1378 3146 1212 1481 1429 345 1242 1499 1349 2430 786 410 2775 1425 2772 207 72 102 532 162 716 643 220 167 373 326 42 155 104 90 12 12 18 1
20 0 0 0 4017 3913 1943 633 0 511 842 407 104 95 5 40304 39991 23975 20398 39177 29195 19030 4602 1590 10311 6074 8016 5015 6469 8654 4122 7588 4168 1529 5018 5096 5122 12173 4839 1263 2038 943 1269 1046 187 1305 1092 1027 1861 633 371 2524 1069 2081 125 74 110 150 51 552 440 198 155 264 247 35 39 26 48 16 2 4 0
17 0 0 0 3620 2889 1678 400 0 469 589 233 64 44 3 38809 31247 17909 19260 35088 21399 12271 3745 853 9783 4340 4922 4738 5007 6331 2254 7188 3191 827 3719 4639 3780 9029 2925 1349 1310 517 510 843 88 1213 677 551 947 410 250 1940 831 1263 64 24 113 89 26 388 201 72 119 141 116 29 29 14 19 1 0 1 0
23 0 0 0 4182 4433 1816 776 0 460 1339 751 162 223 21 41336 46104 25045 21287 35997 29682 21657 4000 1949 9232 9269 13571 5377 6275 14187 7096 6165 5945 2122 5370 4902 5566 11987 5229 1018 2811 1962 3285 1495 546 1234 1756 1633 4103 575 395 2479 1555 3238 182 195 79 571 207 740 951 618 139 413 465 46 130 165 124 54 9 22 1
20 0 0 0 4091 4067 2394 558 0 585 1046 454 154 118 10 37824 37044 27159 19298 45136 34542 17680 6733 1267 10920 7909 9297 4269 6960 9666 4884 9557 5466 1407 5232 5511 5498 15749 5111 1605 3190 1117 1516 1326 258 1239 1507 1340 2530 895 515 3093 1342 2654 249 88 122 306 92 768 695 252 209 407 317 48 86 60 107 22 10 9 0
11 0 0 0 2801 1203 1482 71 0 358 391 72 44 21 1 30626 13281 8456 15345 32442 10692 2387 4532 68 7927 3034 1684 3831 2151 4302 799 6280 2398 79 1734 4225 1823 4702 656 1046 1078 269 130 575 23 1032 480 195 489 265 61 959 575 461 61 8 89 33 5 244 119 24 53 48 70 12 11 3 10 2 1 0 0
25 0 0 0 4351 5722 2162 1219 0 556 1432 846 156 217 18 40121 54002 33183 20246 40158 39905 34731 4834 3881 10260 10714 16638 5059 8625 13365 7791 7776 7075 3761 6719 5200 6620 16323 8460 1305 3026 2279 3523 1772 535 1328 1465 1841 4266 785 627 3229 1721 4101 156 249 111 539 193 778 955 578 232 449 544 45 126 169 101 33 5 17 0
27 0 0 0 4488 7057 2599 1589 0 620 1615 1042 200 274 20 37623 58536 42935 19095 44204 52900 46770 6586 5716 10415 12513 20095 4436 10411 13475 10316 8958 7967 4998 8254 5384 7827 22529 12462 1419 3891 2626 4965 1876 643 1290 1702 2558 5348 1190 1029 4392 1890 5457 218 309 116 614 241 939 1313 799 285 619 687 64 154 189 169 66 6 21 2
19 0 0 0 3931 3592 2305 420 0 549 1104 410 167 130 9 37906 33220 24520 18772 43538 30120 13661 6639 858 10593 8818 8717 4148 5954 10254 4517 8737 5877 821 4623 5261 4403 13065 3716 1400 3563 1347 1550 1394 240 1217 1519 1317 2774 707 318 2536 1436 2338 258 94 101 273 66 786 813 295 174 362 348 66 95 70 114 25 8 4 0
17 0 0 0 3689 2704 1769 308 0 469 830 287 100 77 8 38354 28516 17381 19262 36775 20695 9253 4125 545 9736 6320 6041 4683 4518 8725 2877 6955 4367 633 3550 4776 3947 9354 2589 1196 2036 867 826 1107 145 1205 1015 718 1665 480 238 1989 1115 1609 123 40 100 246 61 540 371 148 135 210 202 37 67 41 61 10 4 5 0
17 0 0 0 3690 2818 1776 375 0 476 696 236 76 68 1 37896 30271 17481 19211 37363 21731 11233 4263 806 10070 5349 5206 4829 4847 7256 2281 7232 3824 614 3573 4860 4155 9756 2903 1259 1667 807 745 981 75 1229 805 552 1374 512 310 2066 972 1379 85 53 115 27 6 437 373 130 136 149 208 23 12 8 27 8 0 0 0
21 0 0 0 4161 4421 2116 751 0 538 929 462 126 110 7 40481 43617 27716 20530 41185 33544 22976 5236 2059 10424 6873 9267 5042 7119 9159 4750 8128 4504 1820 5610 5331 5415 14100 5819 1347 2468 1090 1550 1149 216 1306 1198 1255 2143 732 482 2881 1239 2394 170 90 108 191 66 639 595 233 170 296 289 36 56 48 81 13 10 6 0
15 0 0 0 3485 2404 2051 226 0 490 664 176 82 49 4 35634 23706 17074 17399 41294 21437 7809 6131 375 9873 5626 4127 4270 4289 6353 1877 8677 4020 373 3216 5001 3197 9163 2071 1436 1941 590 434 929 63 1134 827 495 1168 528 175 1795 997 1130 130 32 91 138 25 462 323 76 109 136 168 32 46 19 33 4 0 2 0
20 0 0 0 4024 3712 1955 547 0 491 1086 460 127 121 12 39798 38017 22792 20110 39366 27261 16301 4779 1252 9829 8348 9669 5059 5774 10795 4349 7114 5641 1310 4573 5052 4976 11590 4029 1220 2633 1339 1590 1407 269 1228 1275 1106 2461 660 350 2340 1508 2497 145 81 103 387 108 640 619 272 139 302 317 30 108 76 71 13 3 10 0
19 0 0 0 3995 3846 2121 583 0 525 718 333 86 50 3 39871 38289 24907 19655 41727 30926 18456 5705 1404 10387 5501 7271 5039 6364 6980 3405 8407 3934 1500 4943 5354 5030 13156 4702 1401 1828 571 683 982 171 1319 807 871 1068 626 399 2550 1039 1884 119 29 110 98 35 453 291 80 154 216 155 34 22 13 28 1 2 0 0
19 0 0 0 3888 3335 1827 441 0 445 951 407 121 107 14 40099 35162 20738 20182 37343 24793 13511 4597 888 9267 6823 7981 5098 5002 10072 4251 6481 4596 1080 4326 4922 4227 9976 3236 1058 2327 1034 1279 1105 238 1192 1289 1066 2113 443 266 2027 1215 1971 142 65 83 412 110 609 502 216 102 232 259 38 95 80 72 13 6 13 2
19 0 0 0 3872 3395 1835 483 0 461 887 384 117 95 7 39693 35756 20789 20017 37557 24946 14484 4554 1042 9520 6452 7811 4975 5261 9224 3734 6696 4458 1151 4208 5006 4361 10334 3548 1113 2324 956 1196 1094 205 1214 1246 1022 1921 510 273 2111 1197 1901 141 62 97 220 60 581 506 202 117 237 237 36 57 46 76 10 5 3 0
15 0 0 0 3542 2189 1845 193 0 412 741 191 91 66 5 35823 23086 14889 18759 39351 18515 6352 5556 302 8680 6020 4353 4872 3443 7753 2077 6704 4216 249 3112 4921 3134 7850 1651 1028 2097 752 561 916 84 1152 1033 514 1440 380 148 1453 1132 1086 121 47 67 170 27 474 390 113 73 136 213 31 47 29 39 7 6 2 0
22 0 0 0 4261 4758 2293 812 0 556 1082 585 159 134 9 39721 44867 29700 20302 43303 37525 24225 5931 2161 10456 7823 11316 4873 7484 10352 5950 8492 5289 2334 5878 5501 6269 16674 6865 1429 3101 1254 2002 1237 362 1249 1662 1639 2644 910 588 3291 1299 3125 209 114 112 248 102 755 717 316 229 484 339 48 78 57 119 19 8 6 0
21 0 0 0 4120 4289 2114 726 0 542 997 478 125 115 11 39865 41987 26281 20241 41017 32816 21505 5222 1937 10564 7453 9675 4827 6964 9765 4674 8156 5035 1825 5259 5268 5781 14483 5764 1380 2567 1136 1581 1277 233 1293 1204 1196 2319 770 560 3007 1267 2609 161 87 109 346 107 619 610 235 195 306 308 43 75 69 85 17 6 11 0
17 0 0 0 3730 2941 1981 345 0 497 729 257 106 71 7 38093 29576 19778 19024 40031 24332 11077 5256 692 10149 5336 5272 4528 5010 7525 2833 7875 3802 636 3951 5088 3971 10641 3059 1330 2144 698 734 936 101 1223 1084 792 1525 539 261 2107 963 1403 170 54 99 204 52 534 393 131 170 211 203 39 66 36 55 4 6 5 0
23 0 0 0 4249 5188 2456 875 0 582 1406 696 171 183 17 38533 45671 33220 19172 43976 40682 26768 6606 2392 10507 11085 14534 4582 8007 12417 7050 8777 7369 2500 6280 5348 6166 17537 7224 1395 3685 1955 2783 1714 430 1218 1466 1829 3790 948 594 3314 1703 3944 200 147 104 533 181 846 938 481 240 454 535 50 137 129 97 37 13 15 0
22 0 0 0 4201 4573 2273 737 0 521 1293 601 179 187 15 39195 42974 28627 19636 42826 35324 22149 6173 1936 9824 10053 11929 4877 6839 12090 6031 7734 6656 1748 5673 5263 5791 15088 5959 1198 3603 1916 2588 1460 311 1250 1721 1686 3693 832 479 2827 1592 3163 243 173 94 460 132 776 1025 493 169 449 513 57 136 121 130 43 8 16 0
16 0 0 0 3506 2337 1568 260 0 430 705 226 83 70 4 37329 26139 14421 19021 34028 17393 7812 3463 453 9219 5191 4760 4728 3915 7692 2200 6442 3559 416 3050 4393 3415 7535 1963 1155 1678 724 694 999 89 1161 918 533 1406 362 170 1598 960 1190 83 40 90 120 25 475 346 131 94 153 202 37 38 25 43 11 2 1 0
23 0 0 0 4343 5300 2371 1010 0 617 1092 644 142 113 4 39843 48944 32398 20334 43820 41091 29678 5881 2917 11422 8137 13050 4620 8813 9875 6173 9450 5624 3239 6475 5332 6907 18458 8300 1596 2889 1175 1983 1428 420 1327 1285 1711 2272 1094 761 3749 1423 3649 185 71 140 137 58 798 605 282 285 479 338 45 28 18 75 6 3 2 0
17 0 0 0 3667 2849 1880 334 0 448 767 265 98 73 8 38467 29460 18656 18979 38105 22715 10557 5251 652 9225 5739 5622 4778 4502 8054 2849 6985 4088 627 3750 4902 3678 9447 2743 1128 2041 746 766 954 113 1169 983 724 1556 477 226 1868 975 1380 141 48 95 264 59 518 431 130 95 159 201 35 47 35 50 7 3 7 1
19 0 0 0 3921 3540 2055 489 0 512 880 386 119 90 4 39374 35064 22533 19332 40478 28309 14696 5270 1038 10136 6587 7755 4877 5744 8777 3923 7690 4415 1218 4379 5102 5186 13028 4266 1278 2450 919 1177 1133 213 1240 1135 1021 1833 747 423 2536 1112 2263 161 57 104 123 37 577 517 199 203 334 228 44 26 25 61 10 1 1 0
24 0 0 0 4338 5149 2152 963 0 499 1426 801 197 239 21 39908 49231 30532 20630 40909 37215 27602 5294 2762 9401 10520 14956 5227 7157 13757 7716 6933 6542 2641 6338 5225 6494 15627 7035 1082 3641 2172 3631 1524 540 1174 1902 2019 4479 813 635 3020 1710 3890 236 262 85 529 200 878 1209 662 157 561 554 47 164 193 168 43 15 22 1
23 0 0 0 4307 4855 2107 833 0 537 1319 739 167 181 18 40064 46577 29502 21150 40392 35065 24325 4646 2131 10354 9701 14161 4984 7401 12880 7353 7519 6152 2576 6083 5228 6348 15099 6456 1312 3117 1688 2849 1567 553 1231 1649 1736 3458 817 550 3051 1643 3729 193 135 104 483 200 800 867 496 213 519 452 47 119 126 115 21 12 15 1
21 0 0 0 4139 4123 2033 648 0 512 1141 507 128 158 17 39649 41017 25619 20536 40296 30813 19509 4885 1659 10233 8527 10025 5042 6487 11506 5146 7485 5682 1431 5301 5179 5406 13074 5102 1292 2553 1519 2030 1411 232 1283 1311 1125 3288 660 430 2659 1486 2569 146 136 106 518 136 590 691 370 182 320 393 29 123 128 76 27 7 21 0
23 0 0 0 4257 4931 2094 910 0 529 1225 684 143 165 12 41150 47708 29525 20250 39875 35670 26220 4732 2485 9953 9069 13322 5147 7416 11905 6689 7404 5761 2791 5871 5202 6279 15510 6905 1212 2801 1628 2539 1453 454 1283 1434 1581 3209 761 644 3093 1540 3505 157 139 106 349 112 700 725 384 226 415 410 35 95 100 89 29 3 14 0
17 0 0 0 3610 2481 1554 277 0 394 863 281 99 107 15 38141 27747 15226 19670 33498 17957 8340 3639 509 8724 6093 5426 5014 3813 9958 2904 5608 4130 383 3318 4675 3394 7293 2017 933 1883 1003 1010 981 101 1101 1194 657 2134 325 166 1538 1106 1358 122 66 69 422 82 493 461 208 96 169 259 28 99 82 45 21 3 21 1
14 0 0 0 3320 2055 1579 205 0 417 422 128 52 29 2 35790 22697 13920 18236 34532 16528 6787 3796 340 9200 3026 2704 4510 3601 4793 1433 6594 2150 309 2899 4529 2877 7175 1730 1166 1093 295 263 583 35 1153 566 313 613 320 144 1542 591 681 58 12 85 60 13 262 136 39 87 99 90 15 20 7 25 1 2 1 0
18 0 0 0 3845 3161 1810 449 0 441 666 294 80 65 8 39342 33842 19463 20325 38108 24806 13500 4738 985 9158 4556 5557 5377 4910 7578 3147 6676 3107 1007 4278 5057 4641 10762 3690 1079 1507 587 737 760 124 1223 907 653 1308 579 356 2201 848 1461 96 42 91 218 59 396 270 101 151 223 168 14 57 47 31 2 5 5 1
22 0 0 0 4257 4808 2302 806 0 533 1134 603 153 116 15 40008 45342 30498 20166 43575 37287 24751 6104 2065 10027 8352 12279 5046 7278 10630 6089 8112 5929 2609 6041 5489 5868 15687 6326 1304 3100 1214 1768 1311 399 1258 1476 1663 2357 800 511 3002 1469 3217 213 68 96 453 172 715 649 254 149 416 289 45 133 83 83 10 11 13 1
25 0 0 0 4237 5254 1894 1067 0 498 1526 929 165 277 27 41778 51295 29497 20427 35436 34499 29159 3786 3110 9493 11007 16696 5175 7548 15299 8619 6337 6462 3162 5946 4831 6413 14518 7270 1080 2857 2517 4438 1740 656 1238 1578 1838 5008 662 596 2932 1754 4307 157 272 93 722 245 780 1059 804 176 504 624 33 151 271 114 56 5 37 1
18 0 0 0 3781 3155 1801 432 0 462 753 305 104 78 1 39746 33226 19960 19458 37055 23494 13110 4173 932 9586 5647 6260 4937 5019 7874 3009 6716 3734 869 3985 4836 4288 10047 3328 1111 2069 836 958 984 141 1182 1035 855 1559 514 275 1968 1036 1613 146 56 93 33 9 521 444 162 129 241 209 44 8 6 55 8 2 0 0
20 0 0 0 4001 3687 2018 487 0 506 1175 488 164 155 10 39584 36254 23592 19801 39609 27750 14763 4737 1040 10066 9135 9822 4748 5753 11496 4929 7309 5714 1010 4580 5008 4840 11921 3902 1259 3266 1595 1979 1466 302 1170 1592 1403 3187 602 338 2345 1544 2520 204 120 91 291 78 812 843 396 149 358 422 56 81 84 120 30 9 4 0
24 0 0 0 4369 5361 2033 1130 0 509 1176 723 133 158 13 41868 53744 30954 21321 39446 36863 32285 4615 3501 9841 8514 13927 5614 7814 11665 6832 6946 5688 3498 6479 5279 6372 14977 7758 1124 2558 1589 2585 1349 437 1342 1347 1581 3101 684 594 3064 1507 3291 141 143 105 385 138 604 711 375 164 346 356 40 91 105 91 16 5 15 0
16 0 0 0 3720 2669 1980 281 0 480 644 225 93 51 3 36532 27248 18126 19393 41048 22899 9260 5665 481 9862 4837 4744 4808 4639 6788 2520 8115 3454 578 3914 5351 3815 9903 2524 1314 1973 544 550 817 101 1269 1041 684 1089 532 210 1968 891 1262 155 23 96 88 22 474 295 92 118 198 156 25 25 15 44 3 4 1 0
25 0 0 0 4387 5848 2285 1202 0 598 1436 875 177 210 13 39947 53169 34845 20115 41337 42146 34383 5183 3696 10857 10905 17033 4617 9154 12946 8245 8490 7043 3906 6856 5163 7062 18433 9226 1447 3317 2144 3645 1772 594 1266 1548 2104 4068 957 776 3819 1790 4484 210 203 105 388 146 842 1003 612 272 556 584 65 104 110 137 29 10 15 0
20 0 0 0 3945 3560 1899 515 0 464 1096 469 143 145 11 39850 36914 21124 19920 38133 26304 14951 4763 1155 9379 8279 9280 4940 5332 11104 4461 6792 5549 1092 4400 4861 4680 11097 3779 1135 2748 1482 1831 1342 276 1202 1466 1228 2863 553 333 2243 1466 2359 187 118 81 296 88 670 740 341 128 284 380 47 85 77 105 26 9 11 0
18 0 0 0 3899 3317 1953 469 0 495 696 283 91 59 5 38741 34414 21091 20053 40376 26235 14586 5084 1058 10096 5294 6007 4924 5531 7151 2865 7801 3662 1035 4415 5292 4589 11122 3714 1292 1962 633 700 888 106 1324 947 795 1282 566 328 2352 989 1539 105 33 100 174 40 486 324 100 138 211 138 29 47 31 35 5 3 2 0
20 0 0 0 3940 3654 1777 571 0 471 931 445 112 115 9 41004 38745 21621 20508 36217 25964 16702 3820 1323 9555 6609 8501 5153 5781 9927 4361 6777 4391 1414 4554 4842 4726 10914 4085 1186 2120 1092 1507 1103 230 1235 1224 1035 2227 547 356 2338 1135 2165 97 80 94 270 74 572 513 258 128 269 266 34 48 65 68 16 5 7 0
21 0 0 0 4160 4104 1903 675 0 484 1066 519 123 129 7 40807 42962 24674 21133 38857 28959 19850 4373 1674 9698 7919 10666 5412 6126 10906 5066 6906 5285 1751 5235 5171 5189 11668 4681 1192 2502 1402 1850 1376 318 1298 1261 1236 2583 532 355 2469 1440 2457 125 100 97 207 68 613 604 305 127 289 309 38 54 54 68 15 6 2 0
22 0 0 0 4229 4764 2297 811 0 557 1130 585 149 137 7 39931 44541 29891 19698 42910 37223 24403 5880 2149 10487 8597 11706 4913 7376 10510 5800 8374 5712 2328 5831 5402 6258 16550 6647 1382 3018 1409 2031 1400 371 1272 1391 1559 2805 946 649 3243 1410 3241 196 126 103 213 74 735 710 318 234 470 397 48 50 55 88 20 5 2 0
15 0 0 0 3535 2317 1825 212 0 441 657 193 83 44 6 36526 24126 16290 18707 38400 18983 7190 4953 318 9309 5149 4361 4652 3876 6804 2134 7070 3667 414 3370 4961 3080 7869 1788 1165 1894 515 433 895 84 1193 887 574 1017 383 136 1514 970 1118 120 11 89 206 38 432 253 72 86 124 117 21 58 28 26 1 6 1 1
22 0 0 0 4193 4439 1954 767 0 502 1152 600 140 159 14 41121 44708 26637 20949 38700 31446 22274 4254 1988 10053 8347 11467 5214 6733 11695 5878 6977 5318 2110 5513 5037 5716 13313 5708 1189 2610 1524 2269 1348 357 1272 1444 1391 3035 656 457 2779 1447 2998 174 132 102 376 121 631 778 372 176 342 375 44 106 107 84 27 5 17 1
23 0 0 0 4310 5086 2448 882 0 539 1292 697 194 181 11 38538 46287 31467 19525 45217 40726 26291 6935 2391 9839 9692 13453 5009 7392 11744 6929 8162 6617 2555 6189 5427 6736 18099 7270 1245 3951 1753 2783 1356 460 1169 1784 2007 3548 1001 735 3259 1609 3770 280 181 95 325 112 894 1041 497 240 620 495 53 87 94 140 24 13 5 1
17 0 0 0 3697 2860 1836 385 0 449 680 222 72 66 7 38046 30269 18069 19289 38411 22884 11778 4951 852 9245 5241 4739 5026 4592 7168 2155 7032 3688 651 3709 4930 4189 9934 3127 1104 1470 726 623 878 53 1218 756 510 1417 575 298 2039 988 1297 92 55 100 224 43 392 307 87 138 141 218 13 52 45 32 9 2 5 0
18 0 0 0 3880 3190 1881 425 0 476 837 294 100 89 8 38994 33400 20650 20249 38994 24263 13310 4629 930 9803 6557 6348 5042 5180 8586 3020 7110 4442 839 4346 5120 4100 10144 3329 1203 2114 1002 882 1033 117 1235 1045 731 1863 457 257 2114 1176 1554 122 95 92 269 49 526 495 146 122 177 238 26 57 61 58 9 8 5 0
24 0 0 0 4207 5054 2316 805 0 547 1796 883 219 307 29 37374 44923 30884 18985 41589 37796 23856 5874 2104 9900 14167 17282 4354 7451 15955 8654 7867 8966 1794 5946 5053 5905 15907 6190 1263 4292 3114 4597 2057 700 1103 1954 2177 6078 852 540 2972 2139 4589 255 302 99 898 261 1023 1485 951 220 527 807 62 220 276 194 83 7 30 3
20 0 0 0 4027 3929 1982 645 0 538 816 399 105 93 3 40125 40001 23812 20416 39483 29806 19221 4621 1648 10636 5649 7858 4841 6687 8411 3996 8284 4178 1513 5021 5244 5291 13032 5028 1437 2084 883 1268 1080 181 1323 1063 1033 1809 672 439 2805 994 2053 123 77 123 79 25 558 446 201 205 269 276 42 23 20 58 9 1 3 0
26 0 0 0 4385 6087 2116 1367 0 562 1508 967 162 253 13 40861 57254 34709 20222 38714 40942 38407 4483 4509 10386 11389 18612 5027 9107 13933 8860 7608 7124 4341 6981 5065 6798 16750 9223 1352 3016 2484 4435 1877 682 1342 1502 2012 4922 760 707 3460 1825 4461 149 286 115 374 133 766 1089 707 237 482 604 48 92 148 99 53 5 9 0
23 0 0 0 4312 4860 2036 874 0 526 1272 692 166 194 11 40956 47708 29306 21038 39560 34029 25456 4436 2415 10331 9447 13246 5129 7321 12557 6732 7144 5926 2344 6033 5211 6125 14402 6421 1212 3101 1864 2935 1473 453 1273 1658 1779 3789 674 509 2970 1596 3347 194 197 93 297 114 805 902 516 186 425 468 58 85 96 134 38 9 5 0
25 0 0 0 4444 6120 2376 1289 0 589 1254 838 167 161 12 40223 55438 37067 20365 42969 45363 37875 5802 4116 10765 9003 16092 4823 9383 11495 8331 8550 5965 4419 7278 5540 7185 19240 9885 1450 3210 1492 2936 1462 584 1376 1540 2161 3151 996 839 3905 1519 4190 247 118 109 331 160 774 823 411 226 542 383 56 87 88 111 15 2 8 0
28 0 0 0 4534 7303 2517 1853 0 607 1508 1173 198 233 17 38730 63411 41198 19352 43454 53946 51208 6548 6808 10189 10674 21392 4699 10691 13092 10819 8815 7216 7067 8235 5329 8473 23366 13835 1400 3707 2106 4741 1675 855 1268 1761 2798 4263 1309 1314 4685 1675 5836 236 218 106 494 240 942 1067 708 314 814 584 55 141 153 149 25 10 12 2
19 0 0 0 4038 3788 2175 529 0 542 828 342 106 92 6 38737 36843 25263 20116 42975 30963 17260 5958 1262 10621 6176 7102 4811 6386 8232 3873 8678 4362 1120 5228 5553 4825 12790 4416 1375 2229 878 1100 1085 124 1416 1086 946 1958 660 368 2596 1091 1853 138 74 112 178 41 553 493 183 177 206 235 40 44 47 55 12 1 4 0
21 0 0 0 4086 3974 1871 659 0 496 1102 516 139 145 10 40687 41138 23553 20659 37833 27800 18927 4119 1653 9814 8256 10206 5038 6172 11096 4695 6874 5379 1574 4843 5015 5460 11676 4644 1199 2695 1529 1976 1435 288 1284 1484 1279 2845 605 397 2446 1385 2623 168 124 101 306 86 696 742 347 155 321 355 42 71 84 102 21 8 5 0
30 0 0 0 4580 7897 2281 2203 0 569 1808 1473 185 357 27 38998 69308 43116 19688 39265 52351 58971 4991 8728 9707 13055 26478 5313 10889 16159 13361 7480 7991 8360 8842 5136 8635 21761 15056 1243 3273 3136 7422 2014 1103 1324 1594 2728 6460 1121 1166 4434 1972 6603 146 425 107 757 370 833 1343 1195 232 657 827 42 150 295 142 73 6 30 1
12 0 0 0 2842 1392 1362 117 0 318 365 79 47 21 3 32578 16129 8963 15601 30121 11081 3689 3856 153 7128 2711 1771 4217 2206 4060 760 5108 2203 145 1832 3932 2098 4689 905 829 1058 242 142 493 12 904 530 217 454 249 84 880 517 437 71 7 59 106 12 239 116 21 45 67 56 15 32 11 16 0 2 2 0
25 0 0 0 4378 5775 2272 1180 0 563 1487 878 183 224 18 39767 53150 34106 19926 41429 41401 33859 5314 3628 10243 11368 17337 4795 8528 13490 8251 8113 7268 3749 6826 5226 6743 17292 8524 1371 3509 2265 3726 1782 603 1214 1649 2186 4416 937 723 3480 1813 4365 238 222 101 524 194 890 1067 603 225 555 589 61 130 166 125 42 7 18 0
22 0 0 0 4252 4644 2186 781 0 523 1188 609 148 139 11 40020 44917 28684 20525 41803 35000 23449 5655 2002 9907 9037 12526 5253 6939 11379 5962 7697 6041 2302 5886 5416 5899 14519 5883 1247 3061 1469 2134 1440 396 1259 1416 1566 2780 720 483 2776 1542 3153 182 93 95 332 114 734 701 346 196 414 404 45 95 81 83 13 6 7 0
17 0 0 0 3710 2928 1780 370 0 443 658 251 84 53 6 38976 31455 18990 19640 37050 22198 11798 4508 741 9430 4843 5311 4996 4725 7114 2638 6683 3407 800 3870 4903 3620 8833 2825 1121 1803 563 590 836 101 1230 904 705 1160 418 182 1816 897 1234 118 24 81 196 45 393 283 83 88 158 134 25 48 29 30 3 2 5 0
14 0 0 0 3238 2045 1499 215 0 399 372 130 38 19 0 36026 22860 13399 17780 32730 16079 6873 3591 338 8736 2647 2733 4536 3511 4219 1372 6073 1894 410 2720 4241 3005 7030 1759 1042 790 189 187 508 48 1134 433 279 407 326 168 1462 519 746 36 6 92 0 0 199 88 22 104 71 56 15 0 0 9 1 0 0 0
15 0 0 0 3456 2317 1778 244 0 462 547 165 74 43 3 36418 24564 15467 18346 37223 19145 7893 4605 425 9637 4086 3550 4354 4118 5722 1734 7564 3015 406 3139 4781 3273 8518 2126 1298 1562 449 386 756 53 1192 819 472 943 488 195 1768 725 929 97 28 111 104 18 418 249 59 118 135 138 28 29 12 34 4 3 3 0
