0	20	393	155	35	7654	4871	3032	609	589	755	1090	437	129	89	5	86527	49140	24818	35759	63464	24195	22892	9296	1341	21379	3774	11758	10695	6121	16602	5483	7935	7658	2015	6235	7747	9928	11504	5569	2119	3297	1211	906	1397	264	2625	2195	1299	2245	895	374	4048	2866	2727	126	53	158	143	49	847	462	176	240	311	330	63	71	32	76	8	4	0	1
1	16	319	88	32	6361	2770	2535	212	352	617	1013	257	117	82	9	72062	30919	13728	33030	57448	13918	7861	7986	237	17507	3245	6864	9463	3429	15638	3156	6686	7325	652	3694	7238	6256	6201	2014	1745	3179	1137	468	1333	137	2238	2053	792	2114	628	124	2283	2749	1717	106	36	121	316	54	677	439	169	147	180	338	44	99	53	46	9	3	5	0
10	22	416	185	46	8227	5547	3109	800	664	805	1379	575	195	150	15	91760	57210	25757	38754	67060	25719	28644	8680	2013	21161	3313	14916	11530	6472	21226	6547	7557	9117	2793	6653	8035	11470	10727	6818	2179	5060	1880	1453	1674	291	2745	3450	2023	3758	1055	405	4404	3808	3336	214	109	149	489	145	1083	866	360	245	454	560	79	193	114	149	25	7	11	1
11	19	379	130	41	7485	4068	2993	429	514	747	1316	395	164	133	12	83576	42716	20237	36463	65619	19758	15952	8978	766	20330	3709	10730	10799	5021	19983	4712	7531	9581	1386	5147	8075	9040	8563	3932	2120	4476	1891	927	1670	192	2500	2858	1282	3389	907	233	3262	3711	2495	159	101	144	426	85	1034	786	292	192	328	588	55	145	87	101	30	3	10	0
12	16	313	97	23	6202	2985	2417	293	383	607	704	216	97	47	4	72151	32198	15264	31246	53139	15321	10687	7933	487	17673	2373	5647	9160	3801	10889	2540	6382	4834	747	4065	6524	6612	7711	2697	1684	2505	597	350	902	87	2097	1662	739	1164	628	214	2573	1915	1378	136	17	127	129	29	595	275	80	122	186	192	35	53	19	42	2	3	2	0
13	25	494	237	63	9660	7351	3884	1135	957	978	1947	902	259	242	21	106423	69152	33729	41381	79533	33503	41624	11163	3062	25274	4218	23574	12587	8515	29425	10900	9268	13585	4922	8428	8779	16382	16035	10696	2853	7080	3272	2644	2273	631	3201	4581	2928	5942	1650	699	6368	5250	5829	266	234	181	692	209	1510	1432	680	380	773	957	109	288	201	223	43	9	22	2
14	17	297	113	23	5946	3189	2083	391	359	525	659	237	70	48	4	69323	36706	14685	31419	46938	15251	13434	6085	779	15767	2012	5988	9036	3899	10567	2616	5383	4357	973	4018	6240	6440	6370	3009	1413	1684	600	391	858	81	1989	1232	560	1142	498	201	2393	1684	1233	60	21	114	118	29	401	234	79	132	145	176	20	47	21	23	3	2	3	0
15	22	422	189	42	8355	5732	3158	844	738	823	1246	559	162	130	7	93927	56727	27192	38277	66057	26873	30266	9094	2204	23086	3477	14271	11357	7118	19225	6754	8060	8346	2873	7262	7916	12643	13256	7833	2339	3880	1644	1372	1435	310	2802	2837	1710	3125	1146	546	5037	3246	3416	192	102	184	201	76	1130	702	307	299	491	497	64	71	49	109	18	9	4	0
16	20	394	152	38	7758	4672	3066	581	630	743	1220	439	129	115	5	87436	47294	23008	36713	65492	22448	20966	9215	1240	21485	4136	11975	10873	5682	18853	5186	7997	8824	1900	5913	7849	11044	11469	5573	2034	3432	1592	1030	1557	237	2608	2195	1146	2823	1092	447	4045	3226	2929	140	87	154	183	43	928	627	246	258	316	539	42	58	34	80	24	0	4	0
17	12	245	57	9	4814	1863	1967	139	229	518	280	72	38	9	0	57912	19697	11030	24431	42320	10965	5423	7530	187	16080	1200	1922	7118	2938	4275	944	6228	2032	222	2768	5436	3865	5522	1372	1606	917	112	57	415	18	1855	632	254	232	371	104	1587	775	435	61	2	128	0	0	255	55	9	105	55	47	21	0	0	8	0	0	0	0
18	23	454	200	53	8786	6288	3579	861	785	813	1644	722	190	173	15	96339	61713	29915	40136	75088	29887	32394	10568	2025	21785	4532	19052	12064	6789	25182	9061	8439	11612	3584	7773	8782	13444	13878	7950	2109	5151	2347	1819	1863	524	2796	3138	2147	4338	1390	587	5103	4277	4637	171	133	137	492	166	1044	917	468	290	483	715	69	176	104	102	17	6	15	0
19	16	336	89	31	6708	2867	2721	231	399	711	1021	234	146	85	10	75946	30357	15439	33392	60258	14580	8671	8649	313	19505	3153	6392	9785	3723	15104	2732	7206	7345	619	3870	7491	7042	7292	2347	2073	4040	1201	472	1368	86	2526	2626	885	2232	755	159	2594	3172	1715	168	41	150	336	49	865	529	152	174	239	372	63	153	65	92	16	8	6	1
2	25	490	238	62	9588	7350	3856	1142	949	924	1944	908	222	232	18	104297	70247	33266	42029	80151	33769	41745	10998	3080	24387	5073	24211	12587	8342	29822	10832	9465	13725	4996	8595	9065	16169	15709	10686	2597	6022	3133	2598	2344	655	3192	3875	2620	5987	1632	724	6288	5130	5888	204	214	187	613	213	1363	1198	691	376	696	954	96	208	147	147	38	12	18	0
20	13	260	61	17	5016	1932	2114	135	252	497	524	119	63	28	4	60067	20813	10460	25582	46157	10784	5036	7865	150	14818	1814	3088	7424	2614	7934	1499	5852	3869	301	2636	5606	4190	5579	1346	1453	1723	375	139	671	38	1799	1097	376	697	428	95	1594	1342	826	68	9	119	140	24	340	127	36	110	85	112	23	45	14	18	3	4	1	0
21	24	489	215	61	9511	6823	3911	947	942	934	1944	830	237	229	18	104304	64169	32670	41087	80953	31486	35018	11151	2282	24361	5247	22159	12523	7606	29314	10272	9264	13831	4090	8167	8981	15854	15973	9683	2595	6437	3155	2369	2253	623	3069	4012	2604	5818	1768	708	5992	5329	5731	203	210	164	599	195	1461	1244	645	394	694	1046	87	221	145	176	48	15	19	0
22	26	514	260	65	9999	8090	4019	1333	1080	960	2010	992	230	257	18	109243	73879	37406	42132	81765	36827	49062	11298	3934	25601	4941	25947	12818	9127	30782	12202	9508	14093	5821	9574	8973	18425	18168	12851	2691	6109	3408	3012	2241	706	3218	3929	2851	6408	1887	983	7044	5172	6580	189	269	181	612	212	1479	1293	761	460	757	1104	83	185	168	169	50	14	17	0
23	30	569	358	77	10996	10881	4361	2263	1257	1085	2338	1466	307	303	28	117069	96957	47132	44532	86883	47662	82689	11897	8513	26938	4809	38323	13325	12003	35262	17515	9919	16354	11060	11748	9462	20713	20351	19218	3063	8336	4159	4631	2619	1177	3565	5300	4878	7570	2009	1085	8804	6215	8489	277	298	188	899	435	1664	1686	965	473	1023	1107	134	386	257	247	39	15	28	2
24	18	371	127	26	7232	4131	2978	459	526	775	824	303	124	49	5	83129	40611	22910	33515	60971	22056	17672	10313	929	22265	2975	8181	10005	5612	12309	3846	8311	5805	1340	5463	7440	8825	11548	4523	2234	3266	661	471	1155	153	2668	2059	1142	1234	887	344	3776	2393	1985	167	18	178	164	45	729	330	76	222	292	197	60	72	24	56	1	7	3	0
25	19	369	141	30	7300	4372	2794	541	528	742	908	354	123	66	8	83371	44776	22389	35097	59056	21923	20130	8700	1192	21089	2776	9188	10169	5835	13770	4347	7561	6157	1623	5753	7233	9122	10304	4758	2106	3150	874	606	1209	168	2731	2197	1277	1640	847	380	3750	2521	2149	125	36	169	241	89	664	323	119	206	245	292	65	105	29	51	10	5	3	1
26	21	418	171	39	8072	5454	3307	699	668	816	1200	528	146	96	7	91495	52754	27613	36764	66879	27605	26638	10818	1557	23204	3969	13875	10843	6963	18525	6763	8897	8358	2626	6861	7891	10968	13607	6642	2304	3807	1243	1059	1562	353	2797	2419	1653	2435	1058	477	4632	3061	3378	162	43	177	228	82	895	546	217	261	354	371	57	86	42	54	5	2	1	0
27	14	283	72	19	5557	2313	2244	176	298	579	578	150	77	36	2	65742	24478	12635	27836	48547	12639	6663	7827	221	16967	2048	3878	8149	3279	8905	1944	6583	3955	412	3232	6096	5058	6373	1792	1645	1869	451	215	784	58	2081	1307	492	913	498	127	2014	1578	961	110	13	147	56	12	471	222	59	126	123	141	39	25	10	22	1	4	0	0
28	22	416	189	42	8127	5780	3116	829	672	777	1260	587	134	119	5	91099	58128	27462	38094	65021	27213	30635	9129	2044	22343	3882	15298	11135	7307	19714	7297	8007	8791	3071	7272	8034	11236	12232	7247	2172	3297	1547	1353	1556	390	2718	2280	1531	2912	973	460	4568	3109	3369	144	80	173	168	57	929	601	271	267	345	464	46	52	32	65	14	2	3	0
29	25	516	243	57	9918	7942	4239	1212	1003	1027	1840	881	241	191	16	107445	70706	40053	41384	83253	39521	47110	13547	3429	27038	5508	24044	12578	9591	27384	11251	10688	13435	5227	9705	9320	16498	19414	11885	2856	6762	2633	2347	2251	636	3362	4059	3014	5002	1752	844	6842	5000	5892	287	147	193	586	182	1416	1208	500	392	713	776	110	212	144	153	26	14	11	1
3	24	466	221	55	9083	6900	3590	1019	828	891	1654	816	199	173	16	99912	66763	32020	40954	74222	32102	38372	10345	2569	23946	4269	21113	11953	8233	25482	10259	8967	11282	4500	8311	8653	13898	14539	9169	2547	5240	2198	2008	2016	616	3025	3428	2447	4310	1410	616	5840	4300	4954	156	115	175	521	197	1161	929	471	294	590	682	79	177	123	86	19	5	8	0
30	16	273	104	16	5397	2889	1940	369	287	463	502	161	49	27	3	63354	33832	13689	29037	43631	14442	12599	6433	800	14300	1845	4437	8382	3580	7881	1710	4952	3859	682	3705	5802	5107	5514	2505	1239	1385	474	217	719	40	1678	841	399	609	351	135	1794	1232	824	45	16	95	106	23	264	150	26	79	73	88	21	33	14	11	1	0	1	0
31	18	373	120	33	7271	3886	3041	399	533	753	1039	313	142	97	7	83068	38594	20898	33999	63828	20647	15106	10256	749	21079	3288	8283	10243	5025	15796	3984	8236	7421	1112	5165	7588	9021	10469	4134	2138	3638	1284	694	1332	126	2592	2338	1132	2474	1014	320	3402	2932	2155	183	71	165	174	56	838	552	190	233	256	461	65	92	31	102	23	5	7	1
32	17	343	110	26	6722	3532	2782	355	453	689	806	264	96	57	4	77314	35878	18729	32469	58450	19338	13529	9846	635	20366	2706	7015	9448	4889	12388	3464	7999	5783	967	4845	7176	7676	9713	3478	2071	2481	740	466	1096	133	2338	1676	805	1411	781	289	3140	2099	1706	125	30	159	133	33	596	296	90	173	195	240	39	51	19	36	5	3	2	0
33	19	379	137	34	7393	4304	2984	505	569	743	1020	361	146	92	11	84851	43112	22332	34617	62316	22200	18758	9819	1063	20498	2738	9112	10311	5385	15553	4439	7778	6936	1517	5452	7471	9598	11085	4914	2131	3711	1184	726	1254	148	2536	2549	1311	2348	1006	353	3721	2822	2405	158	68	141	303	90	762	459	187	236	324	366	60	141	54	98	8	6	14	1
34	20	424	147	43	8316	4877	3503	519	660	897	1361	486	206	117	18	92491	46787	25751	37721	72417	25175	19929	11465	985	23621	3771	12913	11079	6186	20085	6489	9317	9492	1885	6485	8279	11120	13054	5585	2613	5685	1611	1041	1816	345	3013	3661	1901	3002	1292	410	4625	3958	3344	224	72	182	570	162	998	719	220	264	465	479	93	257	104	138	12	12	18	1
35	20	381	156	34	7501	4727	2880	633	587	734	1032	407	119	95	5	85379	48038	23094	35754	60943	23162	22895	8748	1491	21151	3197	10546	10411	6219	15918	4855	7692	7232	1925	6043	7405	9997	10886	5697	2034	2982	1275	873	1281	187	2574	2071	1195	2287	950	371	3896	2682	2507	130	74	161	161	51	808	462	198	226	290	406	45	62	26	56	16	2	4	0
36	17	314	114	22	6223	3355	2311	400	401	606	677	233	73	44	3	73064	36188	16453	31297	50013	16547	14222	7423	817	18309	2441	6102	9038	4579	10694	2597	6335	4926	971	4341	6369	6896	7868	3282	1848	1813	642	366	952	88	2226	1292	638	1109	552	250	2706	1776	1425	70	24	152	94	26	496	211	72	150	155	164	33	40	14	21	1	0	1	0
37	23	445	193	60	8715	5935	3378	776	750	847	1785	751	225	223	21	97396	59825	26846	40281	72605	26283	28448	8964	1640	21776	3582	19021	11922	6594	27619	9205	7862	11927	3358	6914	8165	12725	11094	7203	2417	5858	2845	2049	2045	546	2924	3982	2329	5489	1304	395	4957	4670	4624	178	195	158	661	207	1284	1131	618	306	566	892	97	249	165	180	54	9	22	1
38	20	427	150	40	8391	4975	3558	558	704	923	1282	454	184	118	10	94209	46401	26841	37124	71939	26110	21532	12129	1141	25532	3804	12169	11078	6724	19172	5886	9974	9082	1911	6529	8348	12062	14342	6093	2762	4945	1529	1012	1703	258	3056	3231	1646	3094	1338	515	4875	3656	3218	262	88	206	336	92	1158	755	252	321	467	523	78	134	60	125	22	10	9	0
39	11	227	42	13	4460	1347	1894	71	185	449	433	72	47	21	1	53280	14972	7524	23655	42350	7722	2644	7339	56	13922	1856	1986	6794	1864	6649	888	5539	3375	127	1961	5427	3187	4054	735	1339	1305	317	82	637	23	1635	777	213	543	348	61	1205	1152	515	63	8	107	33	5	300	119	24	68	51	99	15	14	3	10	2	1	0	0
4	14	290	66	25	5700	2098	2414	139	299	585	826	156	99	63	6	66644	22752	11029	29040	53586	11239	5140	8468	143	16845	2887	4245	8464	2726	12604	1835	6747	6249	333	2828	6424	5184	5563	1404	1733	2792	917	250	1148	55	2036	1667	521	1674	651	108	1879	2290	1127	113	41	132	205	31	600	330	105	136	140	303	35	80	27	45	12	3	4	0
40	25	485	242	58	9451	7414	3811	1219	912	922	1866	846	210	217	18	102607	70749	34309	41665	78732	34338	44619	10968	3592	24668	4997	22956	12523	8798	28446	9877	9376	13978	4917	8715	8918	15595	15395	10773	2669	5933	3297	2367	2303	535	3198	3599	2474	5530	1529	627	5927	4851	5365	165	249	181	654	193	1306	1185	578	391	618	893	79	214	169	135	33	5	17	0
41	27	552	285	66	10659	9141	4488	1589	1198	1080	2163	1042	260	274	20	113861	78800	45081	42956	88124	43852	60046	13427	5317	28237	5635	28745	13297	10689	32247	12804	11065	15969	6596	10898	9511	19995	21342	15745	3141	7490	3911	3367	2616	643	3648	4412	3365	7114	2179	1029	7882	5898	7223	223	309	213	719	241	1657	1523	799	494	784	1201	115	280	189	235	66	6	21	2
42	19	415	130	41	8079	4412	3539	420	612	910	1364	410	194	130	9	90660	41991	24441	36213	72794	23566	16510	12059	711	24823	4509	11403	10848	5976	20150	5450	9915	10061	1411	5765	8325	10328	11993	4649	2586	5374	1786	960	1827	240	3000	3208	1542	3418	1183	318	4134	3898	2982	279	94	205	316	66	1220	899	295	296	432	578	91	130	70	122	25	8	4	0
43	17	342	105	31	6805	3278	2676	308	450	693	984	287	124	77	8	78190	34606	16732	33437	58495	16087	11135	8332	471	19614	3250	7627	9792	4218	15089	3433	7162	7079	929	4330	7082	7846	8352	3095	2000	3233	1088	530	1316	145	2489	2166	925	2009	765	238	3031	2705	1953	132	40	157	263	61	768	405	148	204	251	319	55	101	41	71	10	4	5	0
44	17	327	111	25	6550	3290	2540	375	451	631	832	236	79	68	1	75419	35484	16192	32703	55485	16411	12984	8234	741	19463	3203	6642	9620	4363	13009	2578	7045	6411	874	4259	6994	8160	8591	3385	1809	2146	1037	485	1170	75	2247	1318	573	1640	745	310	2842	2165	1645	88	53	146	32	6	621	383	130	183	157	308	24	15	8	27	8	0	0	0
45	21	410	173	37	8050	5345	3155	751	669	811	1149	462	147	110	7	90238	52926	26877	36705	65188	26517	27569	9705	1943	22782	3423	12317	11118	6913	17525	5593	8469	7993	2286	6786	7988	11349	12647	6882	2287	3761	1491	1084	1467	216	2786	2459	1474	2651	1102	482	4439	3170	2902	177	90	176	218	66	979	649	233	265	344	451	61	89	48	93	13	10	6	0
46	15	321	83	22	6225	2756	2764	226	372	666	762	176	94	49	4	71920	27857	15747	30094	58601	15968	8871	10455	337	19696	3250	5019	8846	3875	11191	2117	8124	5984	525	3769	7089	6274	8122	2341	2054	2726	747	282	1102	63	2155	1605	582	1344	741	175	2443	2215	1306	141	32	133	145	25	602	337	76	150	155	233	38	62	19	37	4	0	2	0
47	20	398	149	41	7866	4632	3162	547	597	781	1328	460	163	121	12	88129	47759	22604	37470	67839	22421	20045	9834	1116	21631	4099	12609	11032	5674	20259	5389	8050	9690	1854	5785	8185	10392	10755	5039	2252	4578	1739	1046	1752	269	2613	2843	1466	3077	1103	350	3936	3661	3113	163	81	149	427	108	952	699	272	235	378	490	52	164	76	91	13	3	10	0
48	19	370	145	26	7213	4512	2889	583	544	706	818	333	95	50	3	82224	45578	23378	34066	59544	23631	21785	9871	1364	20823	3211	8965	10122	5951	12544	4080	7965	5941	1660	5876	7547	9259	11806	5216	1972	2421	717	523	1136	171	2473	1566	985	1246	803	399	3666	2194	2062	121	29	159	102	35	591	299	80	193	229	209	41	31	13	28	1	2	0	0
49	19	374	132	39	7311	4149	2885	441	507	729	1165	407	163	107	14	83322	43276	20729	35339	62123	20493	16601	8752	780	19501	2926	10357	10325	4989	17531	5137	7130	7794	1512	5245	7381	8570	8974	4017	2076	4273	1402	847	1422	238	2556	2889	1462	2677	843	266	3437	3244	2535	135	65	145	426	110	835	530	216	179	288	394	80	187	80	122	13	6	13	2
5	26	527	261	64	10211	8335	4209	1331	1085	1037	2018	1019	262	233	17	111038	74891	40083	42170	83540	38907	50528	12355	3813	27205	5382	27235	12848	9572	30291	12837	10227	14347	6120	9804	9242	18314	19367	12771	2902	7011	3142	2913	2389	811	3261	4506	3330	5865	1867	1013	7513	5442	6605	294	208	186	603	218	1618	1403	660	432	928	1021	99	199	153	175	44	9	10	0
50	19	367	136	35	7211	4163	2817	483	510	716	1077	384	138	95	7	82240	43610	20336	34951	60428	20265	17615	8678	941	20043	3219	10121	10232	5207	16561	4533	7316	7527	1555	5137	7531	8710	9314	4319	1971	3574	1258	792	1368	205	2471	2407	1223	2367	820	273	3395	2908	2347	148	62	155	245	60	881	556	202	202	283	372	54	84	46	82	10	5	3	0
51	15	315	79	26	6203	2571	2652	193	351	609	873	191	106	66	5	70108	27469	13869	31638	58958	14118	7317	9455	246	17461	3269	5375	9237	3216	12980	2398	7098	6654	475	3640	7318	6154	7071	1971	1687	3045	974	335	1126	84	2096	1899	610	1696	647	148	2137	2553	1342	130	47	120	184	27	654	418	113	125	165	307	47	66	29	43	7	6	2	0
52	22	444	187	44	8731	5928	3509	812	793	901	1350	585	186	134	9	97975	56238	29799	38695	71203	29242	30184	10973	2003	24748	3818	15172	11609	7451	20523	7371	9177	9345	2966	7413	8294	13479	15284	8208	2581	4716	1757	1370	1622	362	3043	3350	1972	3330	1359	588	5483	3627	3811	221	114	192	278	102	1207	777	316	355	541	549	73	117	57	131	19	8	6	0
53	21	413	171	39	8161	5245	3226	726	697	825	1227	478	158	115	11	91809	51729	25729	37515	66966	25732	26128	10071	1820	23230	3603	12787	11170	6624	18802	5573	8598	8633	2295	6530	7948	12184	13063	6842	2361	4331	1545	1111	1615	233	2879	2711	1550	2855	1193	560	4641	3351	3145	166	87	178	382	107	953	682	235	295	375	491	68	130	69	107	17	6	11	0
54	17	348	108	28	6851	3455	2781	345	466	730	871	257	127	71	7	79319	34891	18681	32590	58646	18198	12894	9279	627	20666	2554	6688	9681	4728	13166	3216	7666	6113	898	4631	7099	7991	9381	3510	2108	3253	952	472	1153	101	2588	2200	969	1829	809	261	3085	2485	1707	182	54	163	219	52	744	423	131	233	247	290	58	97	36	65	4	6	5	0
55	23	484	200	53	9351	6580	4045	875	873	975	1772	696	222	183	17	102295	60307	34041	40379	81404	33081	33743	13000	2152	25982	5393	19466	12153	8128	26249	8719	10445	13222	3462	8201	9019	14481	16673	8994	2791	6487	2630	1821	2234	430	3216	3704	2423	4854	1692	594	5716	4929	5008	217	147	196	611	181	1304	1094	481	380	583	866	95	218	129	127	37	13	15	0
56	22	456	180	51	8926	5775	3753	737	792	924	1667	601	224	187	15	98415	54994	29030	39637	77811	28471	27662	11884	1690	24370	4632	16245	11966	7067	24769	7230	9500	12416	2734	7209	8702	13568	14132	7516	2549	6306	2667	1602	2017	311	3060	3849	2127	4769	1560	479	5017	4721	4239	266	173	186	536	132	1320	1177	493	327	570	872	91	213	121	162	43	8	16	0
57	16	308	93	27	6169	2789	2343	260	371	608	845	226	95	70	4	71560	30923	13583	31382	52327	13622	9180	7098	388	17797	2730	6052	9217	3637	13155	2544	6431	5908	678	3633	6451	6526	6651	2383	1807	2442	926	432	1184	89	2203	1699	620	1692	618	170	2380	2314	1476	90	40	143	133	25	677	372	131	150	178	316	46	52	25	45	11	2	1	0
58	23	455	211	42	8973	6588	3576	1010	856	913	1318	644	154	113	4	99935	62019	32108	39548	71271	32275	37296	11327	2776	26267	4557	17152	11679	8638	20384	7841	9923	9449	3803	8287	8460	14496	17046	9707	2638	3916	1513	1419	1742	420	3144	2618	1897	2860	1472	761	6019	3481	4237	187	71	206	143	58	1150	617	282	379	497	475	55	44	18	79	6	3	2	0
59	17	341	107	29	6632	3379	2720	334	431	668	913	265	122	73	8	76953	35154	17791	32350	58106	17718	12367	9185	587	18804	2910	7092	9537	4256	13843	3265	7182	6517	887	4404	6933	7274	8357	3213	1889	3310	999	506	1205	113	2323	2057	937	1888	752	226	2788	2477	1712	135	48	148	263	59	692	429	130	150	182	290	57	97	35	76	7	3	7	1
6	15	288	84	21	5666	2592	2134	235	308	530	640	171	71	45	4	66768	28709	13777	29515	48201	13123	8735	6487	361	15844	2258	4480	8503	3351	9971	2077	5393	4331	546	3593	6080	5271	5928	2102	1456	1807	581	255	815	54	1910	1276	478	1155	443	129	1947	1627	1038	58	29	104	142	25	418	239	68	119	105	170	27	39	23	22	4	2	0	0
60	19	384	137	34	7535	4312	3025	489	605	762	1060	386	131	90	4	86592	42844	22089	34858	63234	21320	17940	9564	939	21762	3745	10061	10557	5485	16535	4763	8138	7432	1616	5498	7502	10451	11959	5033	2058	3367	1192	779	1403	213	2632	2169	1144	2255	1021	423	4000	2690	2685	162	57	165	136	37	855	543	199	278	359	358	51	40	25	63	10	1	1	0
61	24	483	215	61	9488	6751	3817	963	906	956	1904	801	260	239	21	103418	64337	31985	41356	79842	31360	35607	10748	2431	24317	4283	21022	12653	7591	28822	9801	9085	13230	3965	8208	8853	15747	14745	9267	2713	6986	3272	2307	2203	540	3125	4500	2694	5953	1626	635	5894	5257	5364	249	262	177	647	200	1542	1445	662	354	742	953	107	283	193	224	43	15	22	1
62	23	464	198	55	9118	6333	3607	833	821	925	1681	739	221	181	18	100272	60871	30838	41095	75449	29424	31527	10090	1883	24460	4356	19221	12025	7546	25756	9499	8843	11344	3568	7881	8696	13956	14167	8247	2678	5742	2340	1857	2066	553	3155	3874	2402	4582	1446	550	5699	4568	4853	192	135	190	543	200	1260	987	496	355	633	705	98	215	126	157	21	12	15	1
63	21	421	164	46	8294	5137	3332	648	688	819	1457	507	179	158	17	92355	51145	25515	38566	71029	24954	23902	10073	1474	22501	3709	13517	11416	6232	22248	6023	8236	10317	2171	6534	8276	11907	11868	6341	2384	5072	2136	1290	1807	232	2840	3150	1584	4130	1241	430	4415	3981	3411	156	136	158	595	136	956	845	370	299	448	659	65	216	128	118	27	7	21	0
64	23	452	203	50	8816	6299	3484	910	816	851	1555	684	179	165	12	98002	61103	30379	39160	72257	29266	33374	9814	2293	23205	4430	18160	11838	7415	23780	8469	8614	10795	3559	7587	8498	13896	14482	8640	2360	4812	2246	1771	1851	454	2924	3121	1953	4049	1326	644	5363	4076	4345	169	139	159	413	112	1136	853	384	353	515	691	57	159	100	117	29	3	14	0
65	17	331	100	36	6563	3043	2524	277	408	637	1077	281	144	107	15	75919	33287	14869	33136	56657	14691	9995	7370	405	17346	2402	7062	9623	3644	16561	3251	6082	7167	799	3940	6902	7050	6437	2554	1822	3840	1365	594	1268	101	2241	2620	960	2664	748	166	2552	3000	1888	120	66	112	447	82	683	511	208	166	239	438	61	198	82	99	21	3	21	1
66	14	271	75	16	5380	2311	2030	205	292	527	480	128	58	29	2	64020	25414	12460	27817	45156	12125	7567	6584	321	16219	1665	3318	8061	3137	7535	1567	5636	3222	387	3233	5767	5044	6046	1909	1516	1431	366	185	657	35	1880	1009	358	703	429	144	2008	1292	771	62	12	109	61	13	358	138	39	114	106	123	21	28	7	27	1	2	1	0
67	18	341	125	28	6749	3749	2541	449	494	625	796	294	104	65	8	78174	39472	18368	33148	55273	18765	15954	7977	935	17840	2117	7143	9899	4427	12487	3607	6373	5077	1209	4972	6795	8647	9362	4189	1697	2559	814	535	931	124	2295	1903	866	1582	814	356	3307	2098	1735	95	42	120	229	59	516	292	101	193	258	229	39	103	47	53	2	5	5	1
68	22	444	187	44	8619	6014	3552	806	730	884	1366	603	198	116	15	95619	57736	30603	38934	72158	30195	31042	11416	1938	23497	3788	15891	11410	7383	20264	7628	8994	9665	3117	7592	8454	12111	14582	7529	2480	5345	1591	1260	1692	399	2926	3493	2236	2979	1240	511	5154	3835	3839	228	68	178	479	172	999	701	254	242	487	433	90	216	83	121	10	11	13	1
69	25	487	232	68	9449	7112	3697	1067	934	909	2080	929	246	277	27	104848	68178	32263	41109	77901	30425	38792	9212	2708	23095	4306	24028	12421	7827	32064	11150	8238	13992	4770	8006	8563	15671	13849	10007	2651	6702	3703	2830	2362	656	3027	4199	2666	6802	1598	596	5984	5390	6101	145	272	147	900	245	1376	1415	804	365	763	1113	87	318	271	200	56	5	37	1
7	15	295	85	20	5854	2630	2229	233	350	595	572	186	94	34	2	69457	28209	13751	29503	48460	13243	8497	7182	329	17094	1800	4531	8545	3531	8953	2317	6151	3686	607	3632	6146	6021	7278	2244	1587	2155	391	256	746	89	2062	1609	710	780	582	206	2316	1571	1123	145	10	130	56	16	555	220	47	134	178	148	36	22	8	37	3	4	0	0
70	18	348	124	29	6850	3765	2632	432	485	673	909	305	107	78	1	79088	39493	18987	33092	56651	18243	15499	7847	851	19439	3243	8132	9799	4887	14173	3570	7097	6469	1193	4788	7103	8343	9076	3959	1779	2619	1085	634	1209	141	2330	1778	885	1889	746	275	3066	2404	1943	147	56	156	36	9	781	450	162	195	247	319	48	11	6	55	8	2	0	0
71	20	416	144	46	8180	4663	3348	487	638	864	1485	488	194	155	10	91472	46136	23971	37600	71303	22627	18397	9868	842	23411	4535	13112	11268	5954	22522	6107	8751	10601	1802	5810	8370	11016	11060	5059	2494	5155	2140	1187	1917	302	2833	3264	1667	4039	1158	338	4097	4189	3372	215	120	184	345	78	1302	951	396	286	442	697	84	119	84	128	30	9	4	0
72	24	449	227	49	8759	6807	3367	1130	793	814	1492	723	172	158	13	96403	67750	31346	40242	70502	31229	40820	9560	3314	22274	4037	18965	11940	7824	22913	8541	8069	10587	4248	8085	8449	13542	13680	9554	2177	4649	2215	1835	1743	437	2862	2981	2034	3929	1172	594	5280	3827	4119	147	143	168	451	138	1024	843	375	288	451	578	67	160	105	121	16	5	15	0
73	16	329	96	24	6532	3119	2675	281	409	675	746	225	102	51	3	74630	32010	16741	32239	57470	17120	10793	9435	435	19728	2687	5908	9454	4330	11459	2915	7716	5313	762	4536	7245	7066	8729	2881	1927	2562	673	366	973	101	2305	1811	759	1291	716	210	2832	2057	1464	159	23	137	94	22	646	307	92	165	213	219	35	36	15	46	3	4	1	0
74	25	499	242	58	9779	7598	3931	1202	987	991	1856	875	216	210	13	106332	70280	36273	41873	79633	35212	44682	11426	3390	26814	5296	23547	12548	9310	28186	10582	10034	13584	5130	9059	9115	16752	17270	11608	2848	5740	3002	2421	2312	594	3375	3663	2581	5370	1705	776	6759	5063	5786	223	203	212	459	146	1458	1145	612	445	666	910	99	173	110	167	29	10	15	0
75	20	396	146	44	7807	4498	3140	515	600	783	1386	469	176	145	11	87794	46261	21218	36858	67413	21654	18532	9652	985	21278	3933	12450	10946	5406	21040	5532	7982	10079	1774	5546	7999	10400	10209	4895	2229	4582	2014	1149	1745	276	2677	2989	1525	3611	1072	333	3815	3889	3107	196	118	161	340	88	1104	828	341	253	361	629	77	140	77	127	26	9	11	0
76	18	349	127	26	6951	3883	2708	469	486	692	814	283	106	59	5	79052	40452	19556	33972	58215	20200	17071	8963	1008	20202	2817	7543	9944	5135	12492	3274	7514	5759	1235	5169	7326	8616	9713	4199	1954	2860	806	500	1065	106	2460	1881	930	1512	755	328	3370	2210	1769	113	33	144	190	40	644	356	100	185	242	217	41	66	31	39	5	3	2	0
77	20	379	151	39	7455	4544	2823	571	570	722	1161	445	139	115	9	85782	47301	21455	35779	60780	21220	20589	7996	1194	20131	3256	11319	10514	5620	18054	5254	7174	7860	1930	5609	7262	9711	9797	5049	2057	3535	1474	991	1386	230	2492	2455	1284	2797	903	356	3820	2938	2735	94	80	149	308	74	884	589	258	219	334	445	55	89	65	82	16	5	7	0
78	21	403	168	42	7950	5142	3098	675	611	751	1324	519	144	129	7	88028	53671	24526	38253	66995	24595	24593	9147	1522	21282	4191	14142	11251	6107	20502	6317	7884	9613	2361	6442	8260	10657	10576	5900	2102	3828	1852	1240	1699	318	2599	2449	1461	3235	921	355	4127	3418	3109	131	100	160	240	68	965	670	305	225	343	498	57	79	54	72	15	6	2	0
79	22	446	187	44	8711	5934	3564	811	800	876	1404	585	170	137	7	97481	56290	29881	38428	72448	29205	30352	11142	1990	24555	4627	15624	11675	7293	21396	7263	9343	10216	2964	7430	8523	13746	15336	8021	2438	4456	1945	1395	1776	371	2933	2872	1802	3483	1431	649	5395	3729	3919	200	126	177	247	74	1143	778	318	346	525	614	66	75	55	92	20	5	2	0
8	24	470	220	56	9201	6797	3654	1038	874	901	1751	756	201	214	16	101118	65256	32252	40662	75599	31784	38060	10558	2867	24169	4251	20115	12287	8106	26783	9138	9075	12357	3945	8129	8668	14978	14600	9677	2662	5407	2968	2219	2118	453	3151	3502	2171	5326	1477	617	5693	4651	4935	154	221	182	511	157	1280	1066	560	371	541	863	91	216	145	181	44	6	13	2
80	15	311	82	23	6100	2703	2526	212	329	625	745	193	101	44	6	70168	28547	15084	30927	55170	14645	8336	8677	282	17927	2729	5265	8896	3663	11164	2440	6929	5367	558	3899	6910	5558	7027	2047	1775	2831	622	289	1051	84	2174	1784	718	1221	556	136	2208	2119	1322	125	11	129	204	38	512	249	72	115	140	153	45	90	28	40	1	6	1	1
81	22	429	183	48	8433	5639	3265	767	720	824	1470	600	182	159	14	94351	56283	27056	38893	69283	26099	28036	9045	1802	22525	3771	15609	11570	6681	22610	7252	7981	9996	2854	6958	8070	12351	12224	7179	2299	4826	2133	1525	1791	357	2886	3155	1808	3887	1203	457	4771	3926	3850	179	132	171	429	121	1009	884	372	291	437	630	78	194	107	130	27	5	17	1
82	23	477	201	52	9324	6480	3921	882	901	960	1654	697	227	181	11	102483	59830	32252	40172	79153	31960	33434	12607	2143	25600	4652	18335	12267	7725	24724	8724	9994	12144	3549	8029	8964	15644	17126	9014	2636	6182	2522	1789	1921	460	3143	3891	2388	4632	1632	735	5983	4590	4854	284	181	191	374	112	1446	1139	497	394	702	760	95	142	94	162	24	13	5	1
83	17	329	111	25	6517	3304	2582	385	456	614	812	222	93	66	7	74854	35051	16536	32241	56164	17157	13449	8639	809	17889	2650	6039	9658	4062	12406	2346	6826	6013	825	4336	7020	8094	8706	3555	1698	2523	978	449	1052	53	2222	1604	660	1633	863	298	2807	2304	1513	97	55	121	248	43	546	355	87	187	186	320	26	83	45	42	9	2	5	0
84	18	357	122	31	7083	3778	2807	425	483	700	1015	294	124	89	8	79761	39796	19348	34822	61134	19137	15596	8920	857	20045	3362	8068	10258	4830	15270	3464	7344	7630	1131	5099	7594	8544	8948	3895	1992	3501	1400	590	1304	117	2419	2166	902	2203	771	257	3104	2809	1894	126	95	142	306	49	772	569	146	195	238	363	50	91	61	68	9	8	5	0
85	24	518	204	72	10075	6820	4419	805	964	1072	2410	883	306	307	29	108294	62452	33715	42909	91593	32742	31371	13232	1629	26830	5853	24192	12958	8019	35566	11331	10694	18020	3696	8117	9648	16441	15512	8762	3277	9105	4450	2695	2922	700	3506	5244	3083	8226	2070	540	6038	6879	6737	260	302	195	1051	261	1779	1791	951	452	767	1410	134	403	276	290	83	7	30	3
86	20	381	157	33	7573	4727	2891	645	608	757	1002	399	114	93	3	86586	47878	22796	35782	60232	23118	23060	8995	1548	22183	2994	10370	10574	6309	15697	4711	8115	7129	1915	6038	7460	10611	11464	5885	2194	2824	1216	866	1312	181	2747	1946	1117	2229	990	439	4159	2598	2473	125	77	181	90	25	842	468	201	280	289	405	48	38	20	64	9	1	3	0
87	26	501	262	63	9705	8021	3877	1367	981	925	2014	967	201	253	13	105259	75945	36627	41997	80124	36030	49956	10668	4156	25437	5710	26510	12680	9350	30914	11549	9399	14776	5755	9172	9131	16523	15739	12205	2658	5525	3634	3021	2460	682	3164	3321	2450	6414	1564	707	6436	5067	5953	156	286	189	483	133	1392	1307	707	413	630	1069	75	149	148	117	53	5	9	0
88	23	455	200	53	8968	6244	3502	874	801	891	1660	692	199	194	11	98721	61021	30038	40569	74092	28561	32241	9636	2157	24261	4524	18370	12064	7582	25461	8511	8668	11743	3376	7673	8709	13837	13329	8291	2507	5113	2682	1903	1957	453	3050	3410	2154	4887	1299	509	5270	4448	4445	203	197	188	360	114	1395	1028	516	350	521	814	88	128	96	144	38	9	5	0
89	25	491	248	52	9518	7796	3791	1289	951	959	1576	838	203	161	12	104856	71602	38156	40682	75155	37272	48393	11272	3911	26435	4430	21924	12160	9556	24200	10631	9579	10703	5241	9337	8785	15808	17777	11963	2672	5223	2043	2114	1909	584	3182	3407	2677	4045	1497	839	6737	4039	5084	254	118	187	383	160	1246	927	411	362	630	604	77	139	88	127	15	2	8	0
9	16	306	104	16	5941	3179	2305	367	378	564	509	166	57	23	4	70471	33656	17342	29296	49060	16744	13520	7845	786	17267	2000	4531	8831	4171	7796	1920	6110	3683	712	4254	6237	6344	8178	3184	1587	1566	331	197	726	40	1956	978	491	572	588	246	2505	1345	1057	62	6	107	139	37	279	116	30	131	95	102	14	54	9	15	0	0	3	0
90	28	545	313	65	10614	9649	4258	1853	1232	1054	1974	1173	249	233	17	115215	84953	43857	42622	82720	44863	68249	12786	6454	27728	4714	30238	13043	11072	29995	14164	10541	13766	8483	11078	8973	20638	22021	17085	3014	6648	3068	3325	2283	855	3569	4457	3593	5829	2088	1314	8809	5165	7402	244	218	199	572	240	1556	1223	708	493	943	893	107	240	153	197	25	10	12	2
91	19	385	139	32	7544	4472	3095	529	567	772	1012	342	124	92	6	84703	43982	23926	35353	64421	23996	20250	10378	1171	22092	3228	9218	10631	6016	15533	4351	8700	7264	1486	6136	7882	9799	11327	5132	2163	3348	1210	734	1349	124	2774	2088	1087	2360	963	368	3728	2686	2255	142	74	167	207	41	811	551	183	250	253	375	50	70	47	63	12	1	4	0
92	21	406	166	44	8092	5006	3118	659	648	804	1392	516	169	145	10	90523	51405	23435	38382	67304	23187	23493	8981	1480	22059	4116	13742	11355	6198	21584	5817	8038	10059	2268	6124	7998	11632	10761	5896	2284	4501	2076	1282	1836	288	2812	2993	1567	3599	1073	397	4180	3673	3377	173	124	173	360	86	1130	850	347	278	405	584	69	111	84	112	21	8	5	0
93	30	577	354	81	11102	10843	4446	2203	1337	1020	2522	1473	266	357	27	118120	95973	47728	44705	89572	46883	80564	11587	8131	26492	5453	39302	13751	11307	38762	17680	9836	17676	10750	12050	9523	21930	20798	19995	2959	7488	4861	5032	2778	1103	3369	4415	3931	9036	2286	1166	8880	6291	9179	134	425	175	959	370	1645	1747	1195	475	940	1464	97	303	295	214	73	6	30	1
94	12	227	53	13	4451	1550	1748	117	201	421	407	79	56	21	3	54128	17919	7900	23723	39242	8087	4072	6265	143	12486	1428	2111	6911	1974	6102	799	4658	3061	187	2041	4968	3497	4070	996	1159	1516	293	100	560	12	1468	1007	262	514	332	84	1190	1126	497	78	7	83	108	12	295	120	21	63	78	77	22	45	11	20	0	2	2	0
95	25	499	240	60	9747	7531	3983	1180	958	983	1935	878	237	224	18	105872	70596	35585	41823	81516	35433	43823	11618	3327	26168	5286	24025	12571	8920	29188	10609	9910	14125	4955	8954	9167	16299	16313	10990	2884	6504	3209	2520	2369	603	3240	4027	2822	5730	1747	723	6454	5259	5679	249	222	196	636	194	1480	1291	603	399	721	981	98	220	166	161	42	7	18	0
96	22	440	185	46	8602	5862	3513	781	729	852	1466	609	181	139	11	94445	57510	28793	39371	72928	28944	29470	10962	1829	23159	4572	16562	11733	7084	22190	7513	8944	10550	2994	7429	8730	12420	13612	7292	2377	4936	1920	1442	1823	396	2885	3112	1941	3538	1237	483	4888	4004	3911	197	93	167	380	114	1112	797	346	307	495	595	70	142	81	97	13	6	7	0
97	17	327	111	25	6410	3430	2491	370	392	629	764	251	102	53	6	74588	36802	17776	32149	53920	17603	13748	8001	700	18247	2522	6625	9329	4504	11802	3024	6555	5275	966	4469	6737	6577	7713	3231	1691	2724	706	424	995	101	2137	1758	858	1362	605	182	2670	2030	1436	124	24	118	207	45	523	305	83	129	187	199	37	76	29	40	3	2	5	0
98	14	261	77	14	5134	2305	1890	215	287	475	410	130	38	19	0	61893	25593	12051	26687	41917	11747	7781	6039	327	14805	1668	3279	7767	3059	6588	1564	5122	2700	454	3093	5335	4989	6054	1902	1269	878	226	143	552	48	1816	661	279	451	384	168	1864	997	790	36	6	112	0	0	255	88	22	118	71	79	15	0	0	9	1	0	0	0
99	15	300	85	20	5955	2647	2368	244	357	619	633	165	83	43	3	70153	28133	14071	29738	51077	14014	8950	8106	396	18293	2199	4398	8649	3697	9597	1937	6849	4576	524	3594	6315	6176	7331	2385	1847	2151	585	268	889	53	2252	1506	535	1079	661	195	2386	1769	1065	102	28	154	107	18	554	255	59	156	147	197	37	44	12	40	4	3	3	0
