0.30743917 0.243800716 0.150376267 0.140355014 0.006485338457551374
0.118088284 0.089520511 0.067037353 0.109120203 0.006485338457551374
0.104757293 0.08864424 0.064466682 0.10051959 0.006485338457551374
0.115613065 0.098480385 0.063206815 0.101020712 0.006485338457551374
0.137706555 0.105627093 0.06907718 0.159250201 0.006485338457551374
0.105050787 0.08995145 0.071770152 0.11454159 0.006485338457551374
0.108562241 0.081117932 0.067402209 0.11783299 0.006485338457551374
0.11701425 0.093193138 0.074001244 0.106144649 0.006485338457551374
0.135314186 0.100039263 0.075674616 0.153455005 0.006485338457551374
0.105072795 0.103538319 0.067567925 0.103323805 0.006485338457551374
0.106275657 0.080331589 0.062309472 0.104394252 0.006485338457551374
0.10361571 0.082624008 0.065767347 0.102396089 0.006485338457551374
0.106176062 0.090360428 0.061716423 0.104363718 0.006485338457551374
0.120307765 0.084158587 0.063495602 0.100501342 0.006485338457551374
0.105281349 0.092898674 0.066522753 0.105393636 0.006485338457551374
0.103893295 0.095161069 0.06555147 0.105147354 0.006485338457551374
0.104133082 0.085103792 0.060697701 0.108055692 0.006485338457551374
0.107565465 0.08430594 0.062779747 0.104970487 0.006485338457551374
0.107581714 0.092656041 0.061793694 0.110016811 0.006485338457551374
0.109443914 0.095981808 0.063913955 0.105721058 0.006485338457551374
