2.806488128 2.660268691 2.321669263 2.795388313 0.006485338457551374
2.827691191 2.713785488 2.291194767 2.825188575 0.006485338457551374
2.90037828 2.775199802 2.356730591 2.999778994 0.006485338457551374
2.94490487 2.763527641 2.413794572 2.912092844 0.006485338457551374
2.87898238 2.754986755 2.333735177 2.8645643 0.006485338457551374
2.846287532 2.742251228 2.32193312 2.989047161 0.006485338457551374
2.836189929 2.540770619 2.321289654 2.974933995 0.006485338457551374
2.946490269 2.743156793 2.500023261 3.003913669 0.006485338457551374
2.984159958 2.80593375 2.499971494 2.850587019 0.006485338457551374
2.96264939 2.711321456 2.51158273 2.936526863 0.006485338457551374
2.944139366 2.773896622 2.344543698 2.939296649 0.006485338457551374
2.92939957 2.611056447 2.407648232 2.890841452 0.006485338457551374
2.835786017 2.60659632 2.229004926 2.93974053 0.006485338457551374
2.829984041 2.849190714 2.420757064 2.924044561 0.006485338457551374
2.963496039 2.639658676 2.255660325 3.066543228 0.006485338457551374
2.888794508 2.56339709 2.335157455 2.834416884 0.006485338457551374
2.978537712 2.985386866 2.501358075 2.910616293 0.006485338457551374
2.934907948 2.8374051 2.366571726 2.860705371 0.006485338457551374
2.87487466 2.56194148 2.305450986 2.759190171 0.006485338457551374
2.929982185 2.625251088 2.31664636 2.799665191 0.006485338457551374
