2.815834917 2.76120574 2.263914806 2.802675205 0.006485338457551374
2.930715431 2.728149529 2.412193167 2.942757979 0.006485338457551374
2.964697517 3.056645097 2.430938229 2.989273525 0.006485338457551374
2.947816234 2.909017462 2.311731827 2.891764239 0.006485338457551374
2.910552969 2.987719424 2.224757908 2.770866621 0.006485338457551374
2.871032002 2.787664537 2.341477568 2.804592961 0.006485338457551374
2.831474721 2.625918285 2.271281587 2.954880288 0.006485338457551374
2.854483264 2.741845504 2.401707159 2.930858829 0.006485338457551374
2.967225417 2.908019179 2.291398765 2.960066303 0.006485338457551374
2.951025089 2.783671342 2.410074743 2.870124689 0.006485338457551374
3.039931425 2.683385154 2.404352044 2.98000583 0.006485338457551374
2.849154891 2.868767019 2.244828231 2.859015523 0.006485338457551374
2.837922468 2.740834694 2.482852192 2.927181241 0.006485338457551374
2.943949049 2.825864882 2.417226783 3.062755433 0.006485338457551374
2.967541612 2.68354909 2.320258953 2.868463208 0.006485338457551374
2.865195808 2.718703896 2.235052476 2.949363568 0.006485338457551374
2.872800715 2.561343951 2.207051031 2.818503543 0.006485338457551374
3.002216887 2.670454014 2.335760373 3.033863639 0.006485338457551374
2.842705859 2.847729702 2.498807348 2.906002753 0.006485338457551374
2.868778652 2.681415211 2.401548366 2.860316128 0.006485338457551374
