0.68746485 0.233429183 0.225560329 0.274557405 0.03058169375534645
0.315768817 0.20341751 0.153684778 0.223000098 0.03058169375534645
0.206681219 0.161839872 0.128242358 0.210715243 0.03058169375534645
0.222352221 0.220575145 0.158799456 0.205400274 0.03058169375534645
0.223385868 0.186167706 0.137390235 0.230774858 0.03058169375534645
0.210226786 0.145974487 0.121024906 0.197013324 0.03058169375534645
0.252292085 0.200215577 0.15136385 0.250884862 0.03058169375534645
0.192424829 0.141769298 0.127599905 0.191155446 0.03058169375534645
0.192350734 0.153062869 0.149189566 0.23228225 0.03058169375534645
0.204985006 0.188678446 0.121843214 0.214119097 0.03058169375534645
0.196728328 0.172349234 0.156062025 0.306974953 0.03058169375534645
0.287713143 0.212514052 0.15387256 0.204695746 0.03058169375534645
0.192875835 0.15942887 0.124425971 0.208064772 0.03058169375534645
0.217085173 0.180481986 0.128338564 0.198196107 0.03058169375534645
0.230380901 0.18446499 0.13781044 0.242880099 0.03058169375534645
0.228543092 0.184328699 0.126140241 0.189730161 0.03058169375534645
0.200898824 0.178170443 0.138763207 0.232830034 0.03058169375534645
0.239112815 0.196667833 0.130534903 0.208095057 0.03058169375534645
0.192458884 0.166720108 0.120028388 0.189124751 0.03058169375534645
0.21760758 0.193843079 0.144985618 0.210164735 0.03058169375534645
