5.798150874 3.948378237 2.361760659 5.458066415 0.03058169375534645
5.288513116 3.766495171 2.41314057 5.172739873 0.03058169375534645
5.264755735 3.980998061 2.380293424 5.313703176 0.03058169375534645
5.158147601 4.082071634 2.423512747 5.087484265 0.03058169375534645
5.15070822 3.930368933 2.743566582 5.322778904 0.03058169375534645
5.173179493 3.855725699 2.431161076 5.389851232 0.03058169375534645
5.219325034 3.782216716 2.357857874 5.276594944 0.03058169375534645
5.291408493 3.750216059 2.385286224 5.220825836 0.03058169375534645
5.374134745 3.866984137 2.423639529 5.233990585 0.03058169375534645
5.229001495 3.765284965 2.446994244 5.320777097 0.03058169375534645
5.236764821 4.079760549 2.418520045 5.280092174 0.03058169375534645
5.263216768 3.885559548 2.936740521 5.941205136 0.03058169375534645
5.210108136 3.965522249 2.504200498 5.220130472 0.03058169375534645
5.178960129 3.678305837 2.485722543 5.219550903 0.03058169375534645
5.249897981 3.762136638 2.372265332 5.355941022 0.03058169375534645
5.215601664 3.726890541 2.380774197 5.434056788 0.03058169375534645
5.162734687 3.731708392 2.442751127 5.18770099 0.03058169375534645
5.229803529 3.892919746 2.388190646 5.312951801 0.03058169375534645
5.193576525 3.978606975 2.46021658 5.553917784 0.03058169375534645
5.165555203 3.858056725 2.403309421 5.498704148 0.03058169375534645
