0 1
0 2
0 3
0 4
0 5
0 6
0 7
0 8
0 9
0 10
0 11
0 12
13 14
15 16
15 17
15 18
15 19
15 20
15 21
15 22
15 23
15 24
15 25
15 26
15 27
15 28
15 29
15 30
15 8
15 10
31 3
31 32
31 33
31 34
35 36
35 37
38 39
38 40
41 42
41 43
41 44
41 45
41 46
41 47
41 48
41 49
41 50
41 8
51 52
51 53
51 54
51 55
51 56
51 57
51 58
51 59
51 60
51 61
51 62
51 63
51 64
51 65
66 67
66 68
66 11
69 70
69 71
69 72
69 73
69 74
75 76
75 77
75 78
75 24
75 79
75 25
75 80
75 48
75 68
75 81
75 82
75 8
75 83
75 11
75 84
75 85
86 87
86 88
86 89
90 1
90 91
90 92
90 93
90 94
90 95
90 96
90 97
90 98
99 25
99 89
99 100
101 1
101 102
101 103
101 104
101 105
101 106
101 107
101 108
101 109
101 110
101 111
101 112
101 68
101 113
101 27
101 114
101 115
101 116
101 117
101 118
101 119
101 120
101 121
101 122
101 123
101 11
101 124
101 125
126 127
126 128
129 130
129 131
132 133
132 126
132 129
132 134
132 135
132 136
132 137
132 44
132 138
132 139
132 140
132 141
132 142
132 143
132 45
132 144
132 145
132 146
132 147
132 148
132 60
132 131
132 149
150 129
150 132
150 135
150 136
150 44
150 140
150 142
150 143
150 45
150 144
150 145
150 131
151 43
151 152
151 153
151 154
151 155
151 156
151 157
151 158
151 159
151 61
151 160
151 161
151 162
151 163
151 117
151 164
151 165
151 166
151 167
151 83
151 168
151 169
151 11
151 170
171 172
171 173
171 174
171 175
171 176
177 178
179 180
179 181
179 182
179 146
179 183
179 148
179 184
179 50
179 128
179 149
179 185
179 186
187 182
188 54
188 189
188 190
188 191
188 192
188 193
188 194
188 55
188 195
188 196
188 58
188 197
188 61
188 198
188 199
188 176
188 200
188 64
188 201
188 65
188 202
203 52
203 204
203 205
203 206
203 207
203 208
203 209
210 106
210 211
212 213
212 214
212 215
212 98
216 217
216 218
216 219
220 221
220 217
220 218
220 196
220 222
223 224
223 47
223 225
223 208
223 226
223 74
223 209
223 227
228 229
228 84
230 89
231 52
231 232
231 233
231 234
231 235
231 236
237 153
237 155
237 238
237 239
237 240
237 167
237 83
237 241
237 11
237 84
242 243
242 244
245 246
245 247
245 248
245 249
245 89
245 226
245 250
55 243
55 251
252 1
252 253
252 77
252 254
252 255
252 256
252 257
252 258
252 259
252 260
252 112
252 6
252 89
252 73
252 261
252 61
252 33
252 262
252 263
252 264
252 167
252 83
252 241
252 227
252 84
252 265
252 266
252 125
252 267
259 268
259 269
259 68
259 264
259 167
259 83
259 241
259 11
259 270
271 272
271 273
271 274
271 146
271 14
271 275
271 276
271 277
271 278
279 280
279 281
279 282
279 283
279 284
279 252
279 173
279 261
279 8
279 241
279 227
279 285
279 84
286 287
286 288
286 289
286 52
286 290
286 291
286 292
286 293
286 294
286 295
286 296
286 279
286 297
286 298
286 299
286 300
286 301
286 302
286 303
286 304
286 305
286 306
286 307
286 308
286 309
286 310
286 311
286 312
286 313
286 314
286 109
286 315
286 316
286 317
286 318
286 319
286 320
286 321
286 322
286 239
286 323
286 324
286 325
286 326
286 327
286 328
286 329
286 330
286 331
286 332
333 246
333 334
333 112
333 277
333 167
333 335
333 336
333 337
333 338
333 339
333 340
333 341
333 37
342 25
342 186
343 344
343 345
343 25
343 346
343 128
343 11
347 172
347 18
347 348
347 25
347 89
347 349
347 350
351 352
351 4
351 353
351 354
351 32
351 355
351 356
351 357
351 358
351 285
351 359
351 211
360 361
360 68
360 40
360 11
362 14
362 27
111 243
111 363
111 364
365 244
365 363
365 366
367 67
367 109
367 345
367 368
367 68
367 250
367 167
367 83
367 241
367 11
369 370
369 71
371 196
371 114
371 122
371 186
372 373
372 213
372 374
372 375
372 376
372 377
372 378
372 22
372 379
372 174
372 128
372 380
372 381
372 382
372 164
372 11
383 384
383 385
383 386
383 387
387 384
387 385
387 386
387 388
387 115
389 384
389 386
390 247
390 155
390 181
390 178
391 182
392 344
392 393
392 22
392 394
392 25
392 80
392 26
392 89
392 28
392 8
392 10
392 227
392 65
395 25
348 349
348 83
396 87
396 397
396 378
396 207
396 398
396 399
400 401
402 1
402 316
402 403
402 36
402 404
402 405
402 186
406 295
406 407
406 196
406 366
408 409
408 316
408 14
410 316
410 411
410 412
413 316
414 415
414 316
414 416
414 36
414 417
418 1
418 419
418 313
418 316
418 239
418 411
418 412
418 420
418 421
418 131
418 422
316 423
316 400
316 403
316 424
316 425
316 411
316 412
426 316
427 189
427 428
427 429
427 430
427 431
189 428
189 432
428 155
433 427
433 189
433 428
433 434
433 68
433 57
433 26
433 27
433 11
57 153
57 155
57 435
57 164
57 168
436 182
436 437
436 36
436 357
438 168
439 419
439 440
439 153
439 154
439 155
439 438
439 313
439 238
439 215
439 159
439 239
439 74
439 164
439 168
439 441
442 289
442 52
442 268
442 295
442 309
442 443
442 313
442 235
442 236
442 239
442 444
442 445
442 446
442 332
58 71
58 447
58 244
58 448
58 449
58 450
58 173
58 199
58 226
58 74
58 451
58 65
452 68
452 11
453 454
453 221
455 440
455 43
455 456
455 255
455 52
455 233
455 457
455 282
455 235
455 236
455 239
455 458
455 459
460 1
460 87
460 461
460 127
460 462
460 455
460 344
460 463
460 133
460 464
460 465
460 456
460 39
460 466
460 467
460 468
460 469
460 46
460 470
460 146
460 471
460 434
460 68
460 472
460 473
460 148
460 474
460 40
460 475
460 128
460 476
460 149
460 11
460 125
460 477
59 1
59 478
59 53
59 229
59 54
59 63
59 64
59 479
59 125
289 87
289 287
289 288
289 290
289 291
289 292
289 293
289 301
289 302
289 303
289 304
289 311
289 312
289 319
289 147
289 323
289 324
289 329
289 330
289 331
289 186
289 332
480 77
480 268
480 243
480 4
480 18
480 22
480 269
480 23
480 481
480 482
480 483
480 25
480 80
480 26
480 28
480 32
480 208
480 209
484 485
484 459
486 368
487 87
487 182
487 46
487 27
487 346
487 184
487 128
487 186
198 191
198 71
198 450
275 334
275 80
275 14
275 335
275 11
275 336
275 337
275 338
488 1
488 489
488 490
488 173
488 491
488 261
488 32
488 199
488 401
488 176
488 476
488 285
488 366
492 449
492 250
492 364
493 269
493 349
494 1
494 495
494 496
494 497
494 498
494 235
494 236
494 499
494 125
494 500
501 180
501 497
501 173
501 491
501 199
501 176
501 200
502 14
502 277
503 504
503 255
503 52
503 233
503 505
503 217
503 218
503 506
503 235
503 236
503 184
503 50
503 507
503 508
218 217
218 68
218 507
218 11
509 76
509 213
509 510
509 511
509 512
509 513
509 217
509 218
509 78
509 258
509 19
509 20
509 393
509 21
509 514
509 22
509 47
509 515
509 516
509 517
509 24
509 518
509 519
509 80
509 48
509 49
509 520
509 521
509 522
509 81
509 184
509 523
509 349
509 8
509 524
509 525
509 167
509 83
509 10
509 201
526 527
528 1
528 529
528 530
528 229
528 526
528 531
528 199
528 532
528 200
528 264
528 83
528 241
528 285
528 125
533 74
534 370
534 411
534 130
534 131
535 45
535 117
50 1
50 239
54 53
54 63
54 64
327 1
327 127
327 53
327 54
327 68
327 491
327 128
327 63
327 64
327 11
327 536
327 185
327 479
327 125
327 477
327 186
233 52
233 268
233 155
233 14
233 236
233 168
537 243
537 27
537 251
537 411
537 412
537 130
538 462
538 539
538 52
538 540
538 233
538 105
538 506
538 67
538 109
538 72
538 146
538 537
538 94
538 68
538 234
538 235
538 60
538 236
538 475
538 541
538 411
538 412
538 117
538 131
538 74
538 325
538 542
538 11
538 185
538 125
538 186
160 1
160 87
160 543
160 46
160 544
160 161
160 162
160 117
160 184
160 545
160 170
160 479
160 37
160 125
546 471
546 61
546 160
547 548
547 549
547 246
547 454
547 248
547 68
547 199
547 11
547 37
550 496
550 25
550 525
550 83
550 11
551 552
551 182
551 553
551 554
552 478
552 255
552 555
552 184
552 266
553 552
553 556
553 290
553 557
553 558
553 71
553 447
553 559
553 409
553 450
553 173
553 196
553 560
553 199
553 226
553 176
553 200
553 561
553 451
553 366
553 562
563 77
563 517
563 208
563 209
564 368
564 554
564 565
564 164
566 1
566 437
566 565
567 399
568 243
568 269
568 169
569 570
569 417
569 166
569 169
571 570
571 166
571 169
572 448
572 36
572 405
417 415
417 573
417 46
417 570
417 166
417 169
570 196
570 574
575 576
575 577
575 578
575 415
575 46
575 579
575 580
575 581
575 582
575 583
575 570
575 166
575 169
234 52
234 442
234 584
234 158
234 236
234 83
585 255
585 586
585 313
585 27
585 61
585 162
585 239
585 83
587 588
587 552
587 182
587 68
587 553
587 554
587 11
589 590
589 104
589 591
589 415
589 314
589 145
589 67
589 109
589 592
589 95
589 593
589 594
589 68
589 595
589 234
589 585
589 148
589 276
589 596
589 277
589 587
589 166
589 169
589 149
589 11
589 185
589 186
589 500
589 597
165 543
165 91
165 95
165 593
165 594
165 96
165 598
165 435
165 596
165 382
165 169
415 599
415 169
415 11
600 415
600 601
600 166
600 169
602 224
602 215
602 208
602 346
602 209
602 128
603 14
532 14
532 264
532 167
532 241
225 224
167 89
167 264
167 84
167 270
241 77
241 604
241 104
241 105
241 605
241 258
241 107
241 314
241 67
241 109
241 345
241 22
241 68
241 473
241 225
241 175
241 264
241 167
241 83
241 606
241 11
607 608
607 104
607 105
607 107
607 108
607 67
607 109
607 68
607 114
607 609
607 11
610 105
610 107
610 68
610 11
611 437
611 390
249 247
249 437
249 390
612 247
612 358
60 613
60 289
60 52
60 233
60 235
60 236
178 614
178 615
178 247
178 52
178 268
178 153
178 611
178 249
178 612
178 407
178 60
178 616
178 617
178 618
178 619
178 620
178 357
178 358
178 65
621 415
621 166
574 622
574 559
574 623
574 79
574 524
574 525
574 624
574 185
574 441
181 556
181 268
181 617
181 618
181 620
181 357
181 358
52 625
52 3
52 235
52 236
229 154
229 155
229 199
229 626
229 327
229 176
229 200
105 2
105 104
105 237
105 345
105 8
105 627
105 186
338 334
338 71
338 335
338 336
338 337
338 339
338 340
628 437
629 243
629 628
629 251
630 176
61 631
61 1
61 632
61 87
61 543
61 633
61 464
61 634
61 88
61 466
61 282
61 468
61 469
61 635
61 46
61 471
61 68
61 472
61 544
61 60
61 236
61 161
61 162
61 475
61 117
61 184
61 50
61 128
61 83
61 169
61 11
61 170
61 185
61 479
61 125
545 631
545 636
545 274
545 172
545 637
545 630
545 257
545 174
545 638
545 544
545 61
545 639
545 640
545 641
545 11
545 597
642 434
642 84
642 270
169 621
169 166
643 642
643 169
239 87
239 419
239 133
239 464
239 644
239 456
239 182
239 313
239 635
239 146
239 645
239 91
239 95
239 96
239 503
239 646
239 147
239 148
239 36
239 647
239 648
239 649
239 411
239 412
239 184
239 422
239 398
239 627
239 650
239 149
239 479
239 37
239 651
239 405
652 77
652 506
652 4
652 313
652 483
652 26
652 32
652 239
653 14
72 313
72 156
72 174
72 36
72 239
72 654
72 445
117 384
117 370
117 511
117 655
117 656
117 657
117 513
117 658
117 659
117 386
117 660
117 78
117 19
117 20
117 21
117 345
117 514
117 661
117 662
117 663
117 534
117 537
117 47
117 516
117 24
117 518
117 80
117 48
117 664
117 665
117 27
117 522
117 161
117 162
117 388
117 115
117 666
117 81
117 411
117 412
117 667
117 668
117 131
117 325
117 422
117 523
117 349
117 8
117 10
117 669
117 670
117 170
117 671
117 459
117 125
117 672
479 673
479 161
479 162
479 117
479 170
674 675
674 676
394 364
197 677
197 449
197 277
197 678
277 334
277 14
277 335
277 336
277 337
277 338
277 341
11 632
11 633
11 255
11 52
11 104
11 229
11 105
11 506
11 107
11 108
11 345
11 679
11 680
11 68
11 114
11 122
11 83
11 185
11 266
11 681
11 125
11 682
11 597
65 77
65 683
65 255
65 674
65 257
65 586
65 78
65 4
65 18
65 19
65 20
65 684
65 22
65 214
65 685
65 23
65 156
65 481
65 394
65 24
65 483
65 518
65 79
65 25
65 80
65 215
65 14
65 686
65 26
65 197
65 28
65 236
65 32
65 81
65 412
65 277
65 349
65 100
65 524
65 525
65 687
65 122
65 83
65 10
65 11
65 688
65 689
65 690
1 78
1 21
1 22
1 24
1 80
1 349
1 8
125 1
125 516
125 80
125 8
125 459
691 374
691 375
691 376
691 172
691 377
691 378
691 379
691 158
691 207
691 128
691 381
691 350
691 399
506 692
506 693
506 694
506 134
506 135
506 136
506 695
506 429
506 137
506 44
506 138
506 139
506 140
506 141
506 142
506 143
506 45
506 144
506 145
506 696
506 40
506 128
506 697
506 698
506 542
506 508
506 270
506 699
682 429
682 506
255 478
255 235
255 266
700 78
700 17
700 20
700 25
700 80
700 8
700 525
701 77
701 255
701 22
701 481
701 173
701 25
701 73
701 700
701 84
182 253
182 287
182 289
182 52
182 232
182 233
182 397
182 181
182 390
182 234
182 235
182 236
182 33
182 329
182 330
182 83
182 84
379 381
379 702
83 385
83 104
83 70
83 105
83 429
83 282
83 78
83 19
83 67
83 260
83 269
83 24
83 68
83 532
83 8
83 122
83 264
83 167
83 10
83 606
83 84
83 681
83 125
399 377
399 378
399 182
399 379
399 398
399 83
68 104
68 105
68 67
68 109
68 703
459 1
459 496
459 514
459 72
459 146
459 68
459 649
459 697
459 704
459 542
459 149
459 11
459 536
459 479
459 399
459 705
186 290
186 301
186 302
186 304
186 68
186 459
