796	28
193	3
756	431
324	121
549	534
385	50
749	516
771	110
681	372
674	547
500	17
720	398
777	486
641	374
456	413
368	147
695	215
547	506
573	513
631	244
592	453
630	245
282	278
469	403
570	44
756	268
725	452
693	617
726	65
396	13
487	57
382	247
312	161
308	60
659	583
606	428
795	654
651	310
540	434
330	325
272	76
671	288
736	429
665	175
532	241
724	669
644	473
405	64
277	164
629	409
399	77
708	614
725	404
778	710
756	401
678	58
639	329
742	260
690	122
74	43
768	296
409	94
348	164
508	132
627	354
697	671
787	246
655	148
637	570
620	150
723	110
340	208
455	451
546	188
444	366
36	29
505	372
765	9
468	310
729	710
654	490
230	85
471	67
623	114
750	692
616	474
731	279
677	360
592	45
362	63
634	137
265	247
781	143
796	71
452	144
615	77
390	128
109	55
315	30
301	161
307	77
520	381
728	370
777	702
480	9
787	414
276	63
629	517
669	319
711	285
768	6
350	126
183	138
225	11
416	58
448	118
336	233
666	547
666	119
448	84
740	51
342	155
503	489
587	406
760	305
544	254
470	264
593	32
644	439
298	40
797	716
758	587
709	192
383	250
604	371
439	229
490	247
725	151
254	97
727	174
235	228
496	43
792	733
362	257
419	342
627	31
569	190
701	308
672	249
725	131
376	139
450	436
160	112
524	332
750	441
463	20
694	644
783	643
722	110
262	134
615	234
612	586
572	266
781	141
787	669
664	154
545	20
643	486
739	703
669	190
463	198
329	99
747	594
495	406
723	715
716	199
798	113
265	173
647	158
508	451
712	83
337	31
542	352
726	496
665	479
407	29
662	287
736	518
279	255
453	268
326	78
249	230
753	681
669	89
46	12
235	149
547	461
242	0
767	154
735	351
464	412
146	141
230	197
676	386
407	38
379	167
487	152
247	222
657	183
246	189
351	6
716	93
798	663
611	210
632	102
622	528
413	314
502	35
737	269
564	95
678	544
747	347
662	434
271	125
761	197
689	120
551	509
102	5
570	106
506	163
164	48
744	38
170	139
546	212
573	205
340	136
615	420
711	635
757	692
490	299
642	384
586	101
780	322
705	395
634	251
444	279
792	94
555	329
496	56
537	401
519	78
304	183
507	314
739	708
264	191
286	47
506	199
752	705
169	165
221	53
648	449
674	628
521	419
704	593
691	266
665	650
492	151
592	250
642	466
293	103
680	343
330	220
767	739
693	161
130	99
553	13
532	360
711	594
779	705
532	162
711	634
356	40
523	273
701	594
473	167
730	175
562	75
785	475
342	324
86	14
650	259
715	29
349	241
564	336
781	171
587	75
131	27
693	263
253	86
644	210
355	277
76	33
351	84
688	149
232	154
339	108
47	34
455	146
376	22
672	287
261	13
513	240
492	102
256	61
676	126
707	245
435	124
468	135
352	95
661	17
398	392
473	89
685	261
595	112
35	12
692	84
341	196
209	171
705	611
562	172
152	47
533	290
710	332
415	309
542	11
336	213
737	662
511	182
560	314
494	18
140	81
657	545
711	583
246	138
664	24
236	13
542	514
116	37
592	590
386	120
784	549
102	34
745	303
280	242
580	426
186	151
583	566
455	180
673	251
492	59
338	212
452	202
145	78
626	94
302	70
548	20
320	50
695	169
598	85
462	339
590	85
485	349
755	534
408	18
755	257
751	600
447	39
245	31
579	301
410	174
656	641
217	176
678	141
310	263
487	331
570	542
613	194
640	151
578	28
280	260
417	191
649	147
342	54
671	630
529	305
716	385
566	457
741	567
548	221
504	463
763	179
756	587
741	163
352	274
601	563
798	637
589	280
537	444
582	85
786	712
667	34
538	327
797	680
578	56
720	599
624	372
675	226
797	687
465	102
637	412
717	189
362	153
650	474
603	312
408	130
664	253
502	22
543	381
660	464
624	221
300	53
761	86
145	53
285	29
706	541
676	323
676	236
673	135
786	288
636	347
792	72
536	345
740	415
648	541
435	379
107	40
119	82
300	165
601	366
653	112
714	698
106	102
598	166
743	693
715	548
495	143
528	455
583	315
551	281
561	407
541	195
662	297
671	503
305	119
621	595
433	119
427	259
402	276
626	338
540	11
693	60
591	571
733	442
392	223
103	39
196	155
745	235
281	210
467	306
718	42
748	654
746	194
550	470
585	175
232	66
697	686
661	428
384	277
573	83
331	15
642	556
441	315
799	2
649	48
436	45
524	439
397	216
774	440
571	456
751	276
603	495
720	53
300	298
109	80
578	138
570	323
359	90
446	41
679	13
549	389
665	329
781	488
661	585
739	439
771	458
576	262
565	532
583	283
512	294
374	181
743	320
704	548
419	15
785	579
239	106
771	388
90	3
421	365
226	165
657	583
400	63
498	437
307	231
176	7
570	491
123	47
698	14
715	667
364	40
475	171
368	323
307	258
167	95
287	274
575	118
615	284
687	254
753	245
669	620
242	238
459	246
463	429
433	362
540	63
506	151
742	411
787	721
742	109
171	138
752	147
521	106
607	483
637	491
599	42
716	250
465	320
602	507
237	156
378	82
588	525
767	55
590	204
176	173
761	0
696	397
784	695
668	96
614	449
607	110
752	198
694	91
583	101
209	193
721	366
381	109
501	259
342	86
618	591
727	590
330	302
383	63
441	364
463	129
498	54
667	205
594	482
571	243
362	208
625	624
645	427
663	535
223	134
437	28
738	622
754	693
558	284
466	94
593	246
737	304
769	356
664	202
192	166
606	37
528	209
657	129
721	124
375	86
473	158
148	102
416	232
517	50
751	463
344	189
786	49
573	280
38	35
678	621
273	136
614	609
742	640
655	470
597	197
302	48
748	375
511	131
218	196
627	379
304	76
790	515
621	260
626	255
795	393
486	286
373	303
263	64
588	193
781	521
739	338
677	243
723	308
610	48
513	287
19	17
506	212
333	25
346	51
730	247
595	262
711	341
649	555
459	257
646	447
164	117
789	483
456	114
699	676
798	625
728	719
442	19
289	44
478	381
576	437
754	429
744	702
486	123
757	653
541	86
578	305
577	366
763	569
537	242
690	633
519	409
760	109
446	31
127	91
246	216
584	372
751	175
794	280
330	95
715	98
185	91
508	154
578	212
691	259
395	329
723	407
701	681
451	235
504	417
200	117
527	395
681	243
505	206
478	443
238	121
616	578
697	113
633	382
364	30
47	12
704	674
449	349
714	39
335	244
110	43
167	4
198	45
127	121
243	151
341	88
281	224
599	518
349	35
776	181
180	90
193	148
755	561
512	316
771	716
456	357
724	541
518	76
629	509
412	76
293	105
30	12
646	475
439	355
709	386
624	21
271	77
281	52
198	53
686	87
677	435
562	507
361	271
791	148
720	197
557	337
43	30
368	24
515	363
533	52
623	189
744	75
687	182
343	228
494	194
671	79
428	301
750	221
743	180
345	341
598	543
442	253
694	490
610	150
645	51
624	600
618	81
672	270
702	448
306	45
513	135
672	407
575	39
622	109
106	105
792	630
600	267
594	248
754	337
407	312
522	363
391	352
447	307
459	386
764	523
554	399
730	711
392	20
446	177
400	128
486	310
469	259
661	355
664	504
538	355
754	40
356	18
499	80
461	222
623	587
776	533
400	355
373	341
617	219
668	49
664	288
403	204
276	233
652	66
723	614
621	448
389	188
769	556
696	113
500	344
512	50
716	697
738	528
591	441
264	220
523	91
769	329
293	193
407	228
740	524
644	384
487	295
215	53
504	30
702	556
695	541
774	53
692	441
439	24
553	481
706	565
591	478
428	251
226	87
609	158
580	211
623	220
349	315
409	82
326	253
448	326
340	92
247	40
435	321
195	52
210	190
398	201
166	131
606	449
486	83
682	439
605	103
440	77
385	346
682	349
412	352
664	157
522	513
283	72
745	19
614	546
644	19
570	94
427	318
793	346
661	176
797	187
767	643
673	639
395	278
630	116
707	198
709	489
313	195
580	215
575	473
229	225
359	129
348	268
240	238
205	32
480	349
735	190
316	285
153	74
700	442
664	149
638	224
642	143
618	429
690	164
340	311
766	241
429	336
687	218
688	334
525	444
791	345
510	315
272	37
550	53
630	176
182	28
431	337
434	2
716	612
441	60
776	48
530	252
551	497
399	118
80	6
750	536
758	504
189	22
330	315
602	374
241	151
645	244
761	278
597	158
659	338
663	55
411	381
750	628
763	595
627	476
691	424
515	477
155	4
776	60
533	36
716	637
371	136
729	529
669	264
695	83
671	579
136	59
538	51
499	364
106	8
664	48
652	521
671	54
472	211
480	105
721	537
706	630
577	199
554	386
758	462
776	728
746	88
727	120
751	494
798	700
691	15
493	79
781	245
553	393
353	134
719	714
201	180
508	69
587	17
771	383
419	337
243	176
173	97
273	170
727	489
530	473
765	166
792	17
634	390
253	157
788	59
616	458
557	523
605	80
794	522
262	256
512	308
422	71
109	25
445	214
711	97
677	458
713	659
698	107
575	453
383	215
60	38
287	190
616	96
142	35
554	460
679	676
658	620
414	235
795	41
436	322
763	629
390	368
676	184
263	112
330	8
147	131
410	173
586	92
445	298
511	331
751	618
632	563
521	15
678	256
699	431
790	323
402	273
667	49
499	138
319	162
212	192
372	154
345	57
268	122
761	387
613	230
464	246
426	173
278	207
758	402
699	296
763	679
756	410
417	399
455	231
713	240
269	35
363	100
674	479
498	141
687	162
445	327
576	158
790	528
729	696
565	492
360	64
240	90
351	209
504	356
172	135
421	157
647	271
686	51
235	132
525	16
509	35
273	85
680	203
460	158
582	112
739	64
565	422
179	160
714	608
758	194
576	538
422	345
597	262
736	267
490	483
642	57
691	102
701	72
725	232
770	689
671	309
458	42
550	510
643	385
657	474
736	291
792	25
377	198
376	207
691	148
353	158
573	373
615	78
397	376
163	129
650	538
680	598
723	291
680	442
602	375
459	50
674	636
551	419
680	654
623	359
688	97
105	94
612	330
679	30
360	226
130	91
730	294
726	228
587	398
456	366
299	298
437	54
712	692
441	358
448	161
611	451
496	443
724	709
484	318
262	259
503	249
569	335
199	195
744	735
542	503
519	358
737	606
731	390
713	371
510	84
537	377
792	758
553	381
640	373
635	404
373	253
575	299
165	52
755	741
397	235
382	193
573	129
626	388
710	430
431	152
514	501
260	30
575	159
703	150
432	85
414	162
647	342
743	277
596	524
527	307
391	119
640	220
160	103
485	187
650	199
555	323
395	131
538	305
304	286
506	204
462	257
494	69
594	549
289	13
754	640
186	125
642	422
798	278
381	355
419	85
733	460
261	45
701	80
652	483
471	239
624	344
443	301
316	112
676	350
624	446
559	130
691	673
313	104
777	381
625	445
617	136
781	44
520	503
490	43
730	668
707	318
567	50
706	134
103	68
745	382
519	57
92	36
376	274
795	310
492	168
501	66
475	271
454	155
538	167
544	83
169	73
662	445
410	216
663	270
732	513
672	197
60	6
729	7
568	207
608	580
312	59
688	244
477	166
409	363
730	25
622	515
509	69
202	161
587	309
713	345
455	49
673	227
461	391
706	542
531	426
554	23
126	97
675	110
631	399
562	34
774	372
770	645
227	70
744	151
555	512
462	25
314	304
733	525
381	341
722	335
685	480
424	404
315	127
783	684
542	495
172	112
653	161
721	370
270	198
644	240
272	105
692	3
694	604
748	590
563	168
412	188
790	768
477	150
694	441
674	286
460	4
737	524
529	173
104	29
466	230
629	464
623	444
486	39
470	199
694	663
779	126
687	43
402	134
745	496
675	76
741	268
740	96
501	134
447	134
264	28
440	82
635	242
680	2
503	100
540	16
766	164
748	247
534	281
485	105
620	51
703	418
655	486
713	25
566	528
467	342
561	23
189	164
654	652
507	225
485	478
123	103
325	151
780	288
589	196
492	334
382	345
775	135
365	120
344	135
252	58
160	7
514	491
342	241
746	252
564	188
449	441
792	358
740	68
799	6
713	349
687	403
535	317
40	25
737	384
223	102
244	194
510	49
735	416
568	3
521	50
467	138
197	28
534	21
648	389
128	45
549	345
324	186
424	278
564	519
418	278
708	130
303	163
440	373
589	56
559	128
62	24
243	190
680	621
135	97
454	33
669	242
635	513
728	114
768	558
732	305
277	220
766	421
709	16
556	437
582	348
529	417
313	277
680	653
185	132
581	19
266	83
499	132
441	32
467	222
741	703
540	284
684	23
414	194
586	185
334	180
614	26
649	178
188	26
778	586
348	309
687	123
499	487
621	419
573	444
668	429
758	46
422	123
419	165
567	117
154	152
542	419
666	262
421	326
454	140
721	145
509	458
479	334
245	45
703	635
640	292
655	537
608	472
707	240
526	129
337	191
658	183
190	72
413	262
340	187
670	595
703	458
545	203
761	637
441	425
420	336
525	296
667	174
672	23
556	114
195	143
506	458
767	15
584	194
611	554
744	351
695	145
673	320
724	459
293	66
167	62
689	423
494	208
543	266
276	40
625	376
794	142
497	385
720	335
607	399
776	152
762	748
684	507
326	163
634	74
302	205
239	137
608	423
205	143
636	426
769	728
617	82
366	170
222	173
440	208
509	148
707	52
642	455
702	381
738	649
510	155
756	580
546	69
105	104
388	161
701	155
520	157
610	195
467	65
623	23
593	131
776	657
478	272
765	616
374	7
324	264
567	190
166	149
226	90
571	508
666	375
476	304
574	157
711	401
603	22
704	348
743	63
792	278
251	159
662	259
600	75
739	302
383	194
629	95
436	367
761	165
772	50
658	156
475	223
517	9
704	551
765	690
679	590
337	127
502	170
797	317
628	22
597	546
642	327
579	220
442	77
188	32
554	552
306	138
780	37
588	120
246	45
483	43
567	216
420	22
767	4
429	301
533	159
656	397
567	258
752	602
622	367
594	112
729	10
43	20
652	274
742	595
635	554
639	216
621	396
661	302
383	111
412	245
761	242
627	461
420	199
637	147
702	1
497	271
712	489
784	394
618	329
328	223
56	44
774	701
276	103
291	70
395	168
677	656
370	181
442	265
383	368
786	562
702	558
686	360
390	166
778	445
772	332
343	137
594	151
795	733
411	165
780	159
764	253
323	252
477	286
701	442
636	88
593	417
769	631
624	249
710	682
661	82
166	31
659	633
194	101
649	471
522	78
584	369
681	601
220	37
400	121
262	255
182	166
689	685
635	631
709	314
662	198
413	291
682	215
256	41
130	65
572	411
376	305
478	54
529	39
510	251
708	112
415	133
290	29
485	345
668	45
655	0
581	173
724	510
441	210
246	132
443	399
515	432
642	594
449	311
211	136
484	371
706	617
669	144
606	116
600	121
708	271
477	410
515	67
673	499
758	694
94	70
345	331
173	45
487	224
655	490
642	128
575	481
619	444
218	69
619	170
532	63
678	514
513	477
342	232
366	245
621	391
682	435
471	435
444	145
102	18
277	52
518	139
663	107
467	233
769	602
552	184
642	532
535	66
468	118
703	51
499	346
552	351
153	17
656	273
751	419
720	613
279	60
433	370
364	108
328	27
309	60
527	329
706	45
613	177
589	448
744	672
749	163
284	79
535	40
683	78
739	61
490	94
505	45
623	537
735	366
544	509
609	548
720	296
445	33
526	343
768	576
708	492
722	351
409	297
784	693
579	554
263	63
344	213
716	28
384	137
277	253
651	339
757	240
296	155
635	489
415	331
84	76
634	305
204	175
499	1
120	57
500	336
737	669
784	80
628	192
603	595
684	670
669	493
221	90
694	122
472	400
246	155
667	472
606	453
544	114
470	120
500	132
452	216
398	203
719	228
355	42
689	604
678	649
385	270
643	7
722	504
762	292
558	23
568	514
286	192
685	45
683	17
791	709
521	45
680	563
70	11
611	70
636	349
672	223
652	465
756	183
208	128
477	277
679	324
432	190
764	413
591	243
346	32
691	618
798	107
567	331
681	472
462	116
181	27
728	71
562	195
600	512
526	140
633	61
512	364
672	424
616	14
517	351
76	23
312	271
366	341
636	524
720	355
406	396
638	619
409	173
514	59
596	449
653	492
564	373
143	27
610	106
210	73
732	536
571	464
474	44
639	569
723	343
720	574
351	310
507	440
731	57
787	120
309	136
724	637
232	176
427	73
266	226
729	345
562	169
628	607
563	462
365	312
510	318
312	149
245	240
384	66
617	397
572	334
566	551
701	669
770	746
718	79
149	137
517	402
674	492
585	294
741	147
520	115
717	133
529	230
251	167
764	113
766	286
288	190
673	194
58	49
673	474
613	343
494	127
680	303
244	86
721	260
769	450
186	54
605	180
643	368
641	279
252	59
700	518
122	33
383	261
602	313
780	211
701	18
614	388
787	171
470	293
694	196
133	77
596	355
591	472
396	356
204	12
738	496
663	319
531	48
545	224
645	611
641	45
514	322
657	112
704	291
459	74
783	736
454	165
653	296
790	281
602	27
198	87
548	49
608	493
363	67
601	257
593	78
179	35
649	279
620	242
796	37
797	6
733	99
571	320
509	279
784	369
722	417
660	395
535	410
755	729
532	80
546	390
738	531
200	137
250	236
73	26
306	32
766	562
287	44
771	172
366	42
708	173
303	60
702	49
739	182
273	227
707	126
683	88
487	250
603	470
584	373
617	499
642	62
739	630
690	101
593	210
731	673
71	64
577	286
608	80
654	532
670	515
597	165
370	310
288	226
760	25
754	107
714	655
79	56
186	66
95	32
181	1
364	11
637	274
590	32
255	79
312	47
693	426
525	310
577	39
593	419
58	26
719	168
760	377
789	132
479	169
772	135
700	664
789	450
363	189
762	28
488	416
470	357
666	106
787	620
526	369
145	56
796	387
676	498
534	401
768	631
720	354
650	159
406	28
364	240
635	497
422	234
358	331
396	369
648	383
453	137
418	323
416	8
592	222
571	104
477	66
234	51
607	139
321	308
569	67
510	145
713	380
607	436
476	125
703	99
241	42
773	476
532	13
264	215
434	302
593	222
662	598
89	88
504	436
505	69
201	1
594	507
791	476
355	304
670	512
600	69
223	145
575	62
768	667
687	385
596	511
617	249
306	244
583	172
727	194
462	436
691	170
125	64
442	401
584	90
218	185
75	50
790	49
225	55
698	63
343	80
528	251
453	221
417	275
784	685
672	207
434	107
586	275
693	401
759	472
723	591
388	135
135	104
414	210
617	509
621	556
688	256
790	264
605	598
671	314
230	215
798	203
274	251
675	657
687	346
739	321
353	28
577	101
511	309
481	300
631	448
681	308
567	404
473	425
397	203
698	293
745	418
636	350
101	39
724	241
388	21
638	16
734	278
289	177
713	209
643	622
687	279
663	643
748	135
604	356
718	632
663	111
770	50
480	188
724	407
752	596
374	62
439	286
272	156
670	646
489	18
298	19
753	486
784	400
481	24
689	80
495	422
743	440
652	456
772	264
765	330
387	192
656	398
680	155
774	750
357	24
659	140
347	100
610	318
685	185
561	191
206	114
753	458
781	312
779	310
461	307
308	58
352	318
791	545
394	76
674	497
451	187
272	194
420	117
629	607
540	287
601	345
371	360
474	104
388	6
792	503
745	566
788	231
669	252
667	280
344	338
244	212
459	109
192	90
441	150
417	310
652	339
720	387
725	433
349	348
364	119
507	260
678	271
680	288
450	56
796	453
465	33
561	227
648	186
739	624
698	614
586	570
373	224
287	238
371	224
540	206
188	82
680	10
660	651
688	43
611	504
663	531
501	22
583	509
762	182
56	33
500	371
406	275
366	95
311	305
787	158
679	286
592	475
603	502
623	165
148	145
601	89
474	57
723	668
339	10
136	99
661	415
503	400
754	655
431	412
706	628
765	750
412	387
778	380
689	111
725	619
632	353
551	548
641	606
432	119
771	154
598	64
718	280
311	179
581	533
708	491
437	195
691	369
515	151
486	330
507	304
633	565
472	453
460	101
476	298
254	32
611	381
409	14
781	54
570	13
233	173
461	288
557	370
520	350
544	100
510	30
595	306
382	260
565	157
532	129
406	49
591	466
184	123
668	539
360	276
709	278
566	23
470	414
776	643
210	89
408	220
710	318
726	527
424	272
794	218
733	128
730	685
781	401
326	225
640	404
789	495
722	269
582	504
580	117
662	500
640	41
773	54
613	538
728	329
580	143
623	381
123	90
496	119
551	256
678	436
777	372
776	392
438	141
767	548
782	87
57	24
734	348
734	318
514	445
758	66
433	94
197	175
276	193
661	145
752	300
511	285
149	33
691	59
457	133
620	2
423	50
611	301
766	265
663	610
273	128
716	133
494	78
554	59
744	684
773	361
420	27
104	24
705	229
566	408
527	52
731	630
607	566
707	164
721	575
743	59
613	281
316	126
736	418
601	493
288	149
288	130
661	582
565	117
337	211
239	152
302	280
798	702
518	96
771	655
659	412
362	280
596	529
763	732
311	207
450	414
489	267
761	248
489	216
529	476
511	126
713	230
197	192
251	0
741	294
111	50
723	636
163	2
480	172
226	180
684	290
413	331
662	315
314	250
674	199
366	73
482	480
635	378
694	272
207	145
381	295
598	408
324	281
632	591
224	198
522	221
771	129
699	396
527	497
531	464
222	141
182	106
534	125
707	424
778	250
381	339
577	292
687	82
518	30
603	9
23	11
483	316
766	167
698	191
435	85
729	169
720	359
707	72
170	45
552	467
398	2
425	122
745	332
652	340
519	25
517	261
133	79
482	456
703	7
726	176
686	406
486	127
688	247
775	455
583	264
774	263
617	126
621	122
532	405
606	225
493	159
100	82
749	227
598	439
771	210
343	75
768	660
778	393
549	132
676	349
720	560
723	566
373	372
469	41
611	187
585	286
699	588
664	36
636	265
684	672
330	194
451	124
224	108
353	148
233	89
622	15
273	185
607	255
644	578
764	276
250	185
334	227
255	203
619	474
207	128
784	478
698	679
615	507
771	375
607	444
663	599
481	192
240	107
602	378
258	22
767	754
795	231
420	267
709	686
402	183
765	449
575	0
376	277
774	494
738	322
549	129
665	309
730	83
597	425
620	549
619	201
137	107
721	47
752	706
438	239
553	552
764	691
787	47
627	495
353	169
108	77
606	146
367	329
647	246
355	320
515	301
661	326
390	140
751	59
119	100
201	61
751	512
558	528
278	225
729	90
136	112
369	6
758	216
581	172
699	166
245	103
536	295
671	394
498	411
246	104
774	242
409	50
415	326
401	121
337	258
560	95
753	318
481	347
386	41
503	386
250	203
581	456
227	69
529	324
661	12
566	420
262	71
681	588
728	482
726	640
297	96
795	614
599	59
629	471
579	47
602	485
617	72
446	250
311	71
749	149
569	0
757	574
675	54
369	74
308	93
317	238
476	286
617	330
437	253
514	283
313	119
793	163
489	275
683	36
763	464
220	60
689	55
639	242
266	114
523	343
259	89
551	209
629	474
391	247
307	278
432	65
770	562
629	418
701	7
769	668
736	310
391	93
797	257
748	411
372	18
764	744
135	17
291	257
707	233
372	54
452	39
168	112
261	118
768	218
653	551
741	217
552	499
461	11
340	107
312	72
450	58
229	10
638	223
622	457
558	143
767	95
617	11
479	435
281	114
776	679
228	104
761	345
590	288
746	189
453	247
571	530
221	110
687	234
545	150
127	34
779	351
425	302
735	131
608	86
729	630
448	176
137	18
785	686
620	57
520	1
353	171
673	25
797	392
582	519
773	665
456	425
544	165
750	381
657	168
210	185
668	295
683	306
678	331
778	297
191	69
756	501
398	391
792	450
84	37
629	34
638	225
522	262
733	249
639	444
243	46
771	504
732	708
199	18
440	74
520	401
302	300
358	59
601	527
740	381
454	15
732	119
732	480
54	32
247	161
194	44
799	98
618	249
677	176
699	524
222	9
492	314
616	108
349	254
776	617
742	542
353	206
402	233
362	115
242	122
789	708
644	67
482	108
402	361
577	348
474	434
733	290
334	179
386	354
370	50
787	558
309	277
424	274
400	176
673	539
656	157
348	69
714	20
785	172
526	58
478	231
465	381
382	44
575	203
504	327
698	457
433	422
707	277
493	35
161	84
478	154
617	604
510	209
274	56
672	58
442	225
273	108
557	345
489	51
764	676
761	631
743	439
760	585
183	121
732	497
475	37
369	257
461	216
412	82
586	141
797	729
280	204
756	324
329	111
447	155
641	409
452	322
577	487
763	267
451	276
458	349
403	358
601	436
393	222
701	332
371	169
650	306
406	391
193	181
385	370
585	53
242	26
311	198
759	70
632	468
765	0
529	28
605	408
341	60
370	33
752	702
573	93
371	287
448	63
718	204
170	98
381	89
753	692
377	260
724	387
579	257
699	496
555	438
438	209
657	331
617	377
177	66
538	537
496	392
712	36
134	34
774	49
778	737
612	509
649	266
452	358
200	123
543	64
633	371
388	197
791	548
547	288
647	31
352	293
737	110
432	366
392	345
618	54
593	53
604	530
738	80
552	254
616	268
184	30
689	433
57	4
702	88
634	117
748	572
581	98
408	127
725	71
417	237
137	40
743	15
718	331
601	221
741	674
429	98
216	73
482	337
554	458
368	100
343	148
772	634
680	32
704	501
381	128
552	21
655	511
322	24
108	38
303	268
417	15
258	11
755	38
559	396
463	320
544	49
763	110
334	46
659	137
327	301
129	50
395	23
759	241
307	70
712	421
230	63
434	206
784	773
449	282
789	684
781	465
415	218
789	693
706	65
208	145
671	17
488	274
354	169
573	406
179	166
491	252
735	589
754	681
789	115
651	101
704	143
734	324
41	10
331	259
525	190
731	538
84	70
658	170
300	38
727	21
783	28
502	29
148	82
584	559
551	534
599	469
605	230
694	554
198	130
736	645
359	183
769	574
551	72
510	166
440	259
416	316
75	57
686	310
564	550
762	143
426	48
433	382
532	347
593	569
435	392
217	29
752	169
735	284
767	283
603	319
479	215
709	580
750	353
413	295
721	408
640	602
663	515
440	153
307	164
166	38
366	360
792	62
407	231
630	204
526	82
547	379
462	225
703	471
731	269
629	619
477	17
355	172
704	630
180	55
438	144
714	41
181	116
639	142
426	110
399	287
640	319
669	403
643	350
721	315
552	296
653	582
438	1
566	317
730	548
473	290
657	55
490	318
125	56
568	293
609	446
663	102
408	109
402	299
394	94
452	252
560	64
675	365
756	714
381	212
510	439
763	15
511	482
572	217
765	393
661	579
157	53
474	414
565	203
417	43
776	219
596	208
410	223
721	247
694	300
207	98
294	261
204	16
466	164
481	149
146	106
179	5
288	278
648	229
208	105
643	468
548	173
669	363
321	288
674	40
733	172
449	302
461	91
510	385
799	207
405	210
676	527
702	62
296	126
673	396
785	146
624	16
703	253
512	493
565	24
680	88
620	77
512	228
677	425
428	4
705	435
664	103
480	56
615	350
691	456
387	240
295	34
780	508
709	73
495	448
413	45
799	396
753	51
794	93
218	160
514	236
576	482
743	415
728	80
627	250
788	395
543	307
418	141
726	258
690	184
579	430
789	333
388	4
763	511
243	48
513	145
114	31
724	188
658	556
601	582
265	212
592	544
198	36
642	58
422	280
211	108
384	167
794	121
30	7
741	660
515	460
766	319
499	167
796	130
779	290
683	24
299	256
563	287
782	598
473	168
485	27
547	381
343	2
266	32
456	437
362	329
749	150
416	321
643	90
621	461
649	524
420	362
745	301
332	218
505	197
385	160
662	463
570	370
265	239
612	492
763	326
424	328
234	117
478	88
601	164
702	146
495	204
250	59
491	234
139	74
630	69
782	692
465	345
675	296
727	615
597	482
691	42
555	439
562	90
746	86
191	176
600	139
382	33
623	262
161	135
510	34
522	321
714	365
127	49
772	696
540	194
375	151
635	142
746	548
689	399
624	379
367	360
382	287
616	206
751	302
290	105
756	448
734	497
685	615
151	148
710	591
386	245
439	326
681	306
584	95
340	178
686	539
483	471
203	202
327	231
414	66
58	44
354	281
767	559
662	488
244	96
268	46
702	400
795	688
750	293
746	641
197	112
602	399
315	303
618	67
335	32
627	402
582	317
275	60
588	228
572	527
444	281
755	292
452	287
562	29
799	625
338	17
489	116
97	22
439	400
752	459
548	165
521	274
497	383
653	401
657	587
750	617
643	623
531	74
294	150
562	68
466	464
156	111
505	48
224	182
490	202
721	219
695	591
155	120
690	276
244	63
700	322
671	410
358	144
202	183
395	9
653	313
734	409
326	84
671	60
597	30
750	442
297	108
148	80
478	308
227	100
468	251
688	591
420	119
534	0
755	146
442	109
264	60
494	298
681	545
738	378
624	286
581	276
423	95
94	9
431	284
733	697
627	135
786	145
798	132
712	295
543	203
512	210
627	185
553	514
167	17
522	375
413	303
320	184
537	46
186	31
601	488
341	159
683	292
354	27
537	13
718	241
638	7
440	353
644	397
774	742
218	117
752	57
641	218
257	234
445	64
753	548
226	52
618	421
630	62
734	486
480	247
545	75
671	181
646	529
261	60
495	350
631	39
287	177
678	631
797	764
488	258
632	426
494	161
488	417
771	47
437	344
418	375
639	625
734	208
559	414
370	118
549	414
674	128
198	6
374	79
173	1
581	83
607	121
751	552
621	241
450	165
609	300
797	544
419	290
775	628
287	65
561	447
672	658
421	1
395	331
769	259
309	19
532	138
563	264
590	380
402	333
649	647
714	206
433	133
276	218
408	232
641	84
500	328
601	474
769	664
374	248
380	149
702	96
507	382
767	256
717	84
721	522
746	187
587	447
447	72
583	22
485	214
52	28
126	116
756	157
402	68
645	113
513	425
477	279
715	611
440	124
772	286
777	108
793	125
450	26
96	75
403	378
407	391
327	264
737	128
597	440
683	131
155	146
206	181
632	256
573	198
315	155
604	567
677	511
729	171
780	224
674	56
700	247
567	351
429	120
352	119
738	226
546	276
573	185
156	128
762	760
250	42
516	446
425	146
498	23
620	181
771	117
669	112
130	27
618	148
280	105
661	335
642	350
380	74
310	110
137	55
482	371
509	329
770	764
584	323
520	144
798	312
577	113
568	54
795	80
760	70
359	33
373	155
381	29
752	422
265	246
773	134
603	146
678	169
689	226
595	517
349	210
380	23
384	60
322	259
725	543
541	513
109	17
565	90
613	99
380	349
770	458
549	233
657	420
450	346
161	3
162	38
673	335
505	172
790	277
794	502
709	664
597	387
744	102
513	149
611	56
102	93
747	692
700	295
645	241
678	181
39	11
675	221
549	420
434	323
414	136
562	294
734	80
649	170
582	477
351	253
318	51
671	519
554	145
428	178
670	335
756	548
501	373
783	296
456	1
782	746
645	85
642	497
742	612
384	11
683	209
500	485
537	148
781	365
306	71
745	376
553	34
416	257
585	428
581	271
664	421
791	622
706	219
595	525
632	398
518	191
485	308
337	50
349	328
364	100
209	146
652	455
539	187
660	156
390	75
114	61
627	294
684	81
707	669
484	298
558	464
144	96
350	140
569	97
295	76
481	33
740	320
151	58
323	136
691	25
396	131
679	537
651	72
428	175
558	462
788	708
762	612
370	99
705	470
749	745
735	293
319	60
712	565
464	99
249	204
468	400
756	20
578	536
732	334
746	233
476	58
373	124
549	189
333	274
190	172
744	419
493	366
651	371
697	634
204	125
487	236
189	46
473	109
309	12
632	402
500	109
583	424
773	552
730	487
346	184
450	445
237	50
586	354
188	38
549	76
757	371
528	465
468	48
646	25
799	584
439	251
530	373
792	662
667	433
778	394
696	93
479	386
796	726
765	66
569	469
358	34
449	329
653	409
482	43
576	484
614	562
627	223
585	434
731	162
685	486
661	268
294	15
432	293
138	117
788	587
419	129
746	340
603	78
770	79
585	558
676	122
447	6
32	2
770	209
95	61
626	9
328	38
627	147
739	586
429	279
713	653
224	66
672	618
712	32
774	490
417	262
575	469
290	14
584	305
683	481
713	124
673	412
707	602
348	193
599	133
438	89
453	29
530	129
670	457
736	154
408	405
560	480
250	137
283	142
506	324
743	220
633	415
175	10
110	2
64	17
317	139
553	338
654	348
538	439
315	135
521	477
633	542
520	150
691	611
643	95
430	99
97	38
345	1
519	404
768	466
432	430
697	263
552	451
334	27
701	447
351	246
570	295
779	17
535	34
651	233
473	157
408	92
494	288
355	138
768	411
531	504
694	134
724	464
681	568
332	70
552	266
493	36
742	277
354	120
606	316
780	654
723	595
676	452
480	58
505	275
383	10
770	166
740	528
735	181
417	335
702	341
595	148
591	249
202	113
649	393
284	56
270	130
653	394
180	160
341	155
595	499
571	331
225	111
389	336
352	37
351	349
766	255
692	450
657	171
662	521
795	353
755	358
606	275
796	719
317	206
671	294
685	4
469	266
298	136
346	288
603	284
139	113
498	251
245	26
667	1
690	95
784	461
676	380
659	529
263	197
790	17
654	49
762	688
556	187
539	5
293	232
748	653
138	0
346	64
632	161
577	91
583	196
690	18
513	507
472	406
623	318
742	398
226	12
463	202
286	124
754	616
697	292
739	157
685	568
581	526
367	337
670	261
552	294
587	7
615	422
212	24
642	172
222	5
392	212
339	83
396	383
650	427
270	172
618	488
511	337
594	206
790	372
450	312
367	200
646	448
346	190
714	259
79	16
469	302
411	341
677	430
610	491
394	249
794	420
798	706
622	178
710	317
644	122
765	698
494	213
748	308
443	18
249	3
367	132
499	376
609	61
525	28
600	401
485	222
394	110
323	90
272	171
212	52
51	47
656	643
761	425
717	529
670	290
417	317
743	348
729	493
465	337
791	240
322	115
585	415
537	306
619	310
677	320
786	340
649	644
271	58
799	264
464	79
360	162
548	387
607	467
152	66
783	422
316	270
363	211
572	310
392	128
621	471
396	111
712	492
667	333
536	343
259	135
708	344
448	162
726	552
622	420
653	366
605	594
413	182
537	196
680	539
764	403
303	182
663	232
387	131
615	394
673	291
360	137
287	100
263	1
623	258
786	242
605	379
645	13
670	219
411	401
673	247
657	177
692	537
791	36
168	59
452	214
755	464
292	175
753	353
380	86
680	631
604	240
606	157
791	435
680	242
615	395
236	103
569	413
198	165
267	131
607	252
778	187
650	266
371	204
219	24
620	329
72	8
758	156
769	469
784	174
237	65
593	260
603	151
382	37
797	537
603	64
266	142
754	702
739	207
395	394
182	121
449	348
756	398
128	89
477	242
353	113
782	413
273	197
264	31
578	457
675	673
679	61
542	258
741	136
519	92
681	501
218	136
305	142
785	252
563	542
779	476
593	485
398	330
312	116
566	443
175	151
568	459
112	66
516	214
601	132
488	385
516	289
603	227
601	188
622	147
659	7
181	37
553	384
220	209
534	445
711	231
799	226
456	203
555	229
747	242
151	12
721	516
674	218
385	149
439	434
706	224
588	76
452	31
709	644
676	555
721	311
696	6
775	308
589	106
383	130
198	54
649	153
648	359
344	227
561	515
588	298
717	257
383	218
680	424
769	98
641	311
271	155
502	455
417	102
351	3
592	225
509	113
729	386
349	139
645	195
467	172
405	28
285	106
788	110
295	28
315	221
708	651
570	61
384	120
370	212
455	400
401	184
591	457
549	33
640	216
164	75
767	497
337	132
525	244
177	140
686	658
598	36
320	282
600	10
607	54
767	726
778	512
713	7
798	242
597	170
508	144
435	169
784	234
677	267
393	125
695	508
277	188
621	97
492	188
625	267
475	386
642	94
723	342
208	70
320	122
556	205
621	243
795	145
539	245
166	11
497	485
786	439
466	393
735	179
330	6
642	125
188	112
737	622
755	338
695	142
645	175
678	194
291	281
324	24
698	685
625	404
215	30
709	276
601	65
359	201
302	255
791	337
266	28
779	145
660	18
607	158
791	420
480	316
513	193
635	26
548	38
281	199
530	227
508	30
631	354
593	203
511	421
525	422
511	284
520	145
353	106
97	85
592	69
414	180
439	263
732	588
393	91
545	434
677	297
699	440
370	231
501	347
709	412
123	41
794	162
717	426
792	583
654	337
590	214
572	522
505	441
703	672
520	429
623	459
616	83
248	137
513	243
508	126
485	29
632	529
798	205
705	359
435	408
768	683
260	15
407	204
419	108
622	556
711	163
651	536
723	62
746	2
780	302
407	226
206	35
793	754
532	7
679	659
189	15
469	383
291	162
581	100
742	274
765	494
340	207
166	132
346	69
418	123
721	683
788	777
153	48
155	88
760	703
613	398
792	301
787	637
674	300
724	262
359	152
732	684
776	568
739	613
511	28
644	229
351	223
767	562
254	26
567	442
626	449
267	36
664	431
752	712
519	466
622	23
314	74
514	357
479	294
476	437
663	1
182	132
557	221
391	239
341	256
709	47
598	73
637	268
388	63
759	254
678	406
675	137
532	531
737	38
670	488
786	592
477	303
384	64
707	421
131	111
710	420
344	37
248	123
359	144
647	491
428	17
426	78
636	123
772	195
213	138
570	540
57	22
88	37
692	179
723	131
604	510
772	502
651	282
755	754
680	277
406	214
445	265
681	594
747	475
493	393
348	186
788	571
684	285
447	429
445	28
595	576
559	229
484	90
667	367
263	260
728	406
671	97
482	160
636	67
781	632
419	185
202	145
574	460
710	359
252	92
688	181
768	341
644	329
702	520
726	332
663	276
598	365
687	19
650	636
385	351
633	120
266	15
798	21
526	41
409	384
449	206
750	30
643	517
645	478
286	170
84	57
373	342
267	62
339	314
362	26
510	427
651	390
461	427
567	17
379	132
738	631
121	0
719	306
620	502
480	219
440	226
541	495
589	291
768	382
569	149
715	361
796	720
650	35
637	359
594	495
232	63
777	159
652	599
378	12
706	473
700	32
606	332
641	531
507	415
712	467
658	369
638	25
622	103
625	611
577	504
732	24
349	325
536	326
688	587
309	13
752	717
615	450
362	253
566	480
592	459
772	603
677	478
276	128
703	649
576	567
780	240
652	345
366	137
695	547
714	308
576	154
789	467
789	712
320	65
685	570
493	337
559	367
169	60
229	55
788	623
434	380
11	2
713	197
779	683
386	288
711	495
728	398
453	448
261	8
747	34
787	735
626	123
580	109
596	192
441	82
744	0
600	71
454	451
634	250
283	150
495	7
606	168
366	297
283	117
761	254
500	255
462	430
188	178
586	55
772	313
363	50
712	474
501	253
707	155
116	80
115	78
377	272
429	101
516	236
751	606
71	15
510	161
678	37
745	681
708	624
471	368
728	96
746	220
732	36
638	154
563	333
252	99
600	530
169	141
585	580
647	479
219	4
602	238
530	123
790	737
794	310
664	411
464	404
471	375
759	17
651	248
737	636
417	34
392	266
672	203
707	96
223	133
143	19
330	151
557	335
763	372
687	493
654	168
518	436
386	370
787	640
753	457
786	268
569	364
755	323
440	66
547	64
370	97
771	550
144	66
586	108
513	161
727	295
605	458
618	68
655	452
757	140
415	179
51	50
453	358
746	100
399	396
709	200
747	735
574	117
384	271
486	461
278	27
478	170
743	485
798	499
789	359
595	407
703	149
395	228
670	369
665	326
270	219
778	317
616	615
277	129
663	529
644	436
638	513
610	267
595	75
771	333
445	351
703	126
721	414
386	165
537	215
627	53
608	375
648	341
140	9
684	497
327	317
793	82
390	54
408	59
547	182
737	144
554	260
392	139
663	326
587	461
761	647
746	123
335	281
257	199
732	470
427	169
776	356
265	178
668	265
709	483
727	77
722	237
461	371
712	541
668	398
640	83
778	667
727	305
590	15
572	297
709	187
697	147
432	84
480	215
611	472
713	630
381	105
281	171
723	273
517	138
773	538
89	28
770	455
70	69
451	435
681	0
609	58
471	372
459	130
620	301
139	20
779	397
571	532
412	326
655	58
696	466
673	161
782	681
563	382
432	361
589	524
382	258
650	455
310	92
658	348
295	17
688	261
432	10
322	22
695	369
657	1
730	23
701	389
341	273
741	309
648	450
666	85
509	218
651	98
628	457
345	309
210	17
682	634
630	221
639	528
278	149
701	283
474	123
330	289
364	106
664	226
271	24
567	279
767	433
560	329
499	248
535	78
529	202
697	396
507	482
504	483
706	440
78	46
352	46
383	46
775	0
747	740
773	711
117	78
468	19
399	254
341	77
672	515
779	735
138	14
379	282
752	346
574	481
469	338
251	244
270	26
297	136
492	155
631	275
717	652
558	195
321	264
575	325
664	415
526	99
735	534
463	227
476	54
515	248
782	229
797	240
211	71
709	516
639	617
497	2
282	267
720	442
511	262
671	110
157	141
797	98
672	265
590	232
550	491
600	9
615	154
201	195
734	567
740	253
754	481
488	448
737	720
703	146
726	224
560	494
731	338
534	159
91	54
349	14
352	39
673	153
674	85
720	180
731	584
591	180
792	268
483	305
681	577
303	236
422	308
206	169
689	13
282	16
409	27
676	106
338	221
296	285
414	313
737	537
709	526
315	187
252	248
301	38
162	29
469	197
735	115
603	209
493	28
397	343
789	37
664	389
613	316
321	16
184	146
446	405
594	435
791	54
117	52
783	511
426	332
191	47
363	361
698	389
668	361
644	213
515	328
616	57
229	78
780	125
392	362
782	433
359	57
583	171
584	565
269	58
460	382
785	210
497	304
645	64
258	18
656	434
389	250
327	212
723	321
347	271
623	173
587	250
330	233
511	85
322	71
188	157
775	303
598	276
658	648
748	111
757	513
103	91
657	441
507	187
455	450
338	333
436	120
579	312
217	132
770	245
646	600
729	363
768	680
380	170
703	328
707	105
569	247
461	334
248	44
393	119
726	507
765	624
598	183
435	302
321	65
626	408
476	86
558	196
715	600
214	88
774	485
377	155
730	354
371	37
593	458
586	541
319	202
773	539
517	204
778	385
625	85
163	98
438	186
484	258
360	229
369	192
492	110
706	40
514	16
200	41
244	228
356	89
177	28
562	225
771	320
734	167
473	465
52	43
418	77
410	59
611	385
575	38
755	462
511	183
646	605
654	157
362	222
585	164
644	57
504	334
767	454
456	327
634	1
456	347
384	380
511	383
505	73
232	13
318	155
416	30
780	283
743	1
760	200
64	20
81	47
627	616
262	193
472	350
637	191
727	43
429	255
565	57
351	76
423	146
524	280
585	213
363	218
722	496
619	101
360	99
216	24
535	454
592	450
254	5
761	752
386	49
233	229
408	276
234	99
44	33
636	502
690	588
666	367
523	401
510	399
533	246
520	23
784	252
594	178
185	56
179	23
631	412
365	315
157	67
718	537
740	58
776	363
230	99
517	294
433	63
769	575
213	53
773	546
624	329
279	99
409	209
580	75
340	224
571	182
575	354
396	311
674	551
780	466
352	269
452	264
739	230
574	357
382	280
344	217
734	720
361	334
727	328
462	320
283	224
705	258
516	77
752	180
571	158
726	539
746	592
668	338
651	59
274	226
738	149
514	47
561	310
407	275
191	185
571	502
268	157
384	105
788	484
737	482
415	52
787	502
173	13
382	126
644	481
497	113
565	416
772	153
738	181
586	253
785	323
782	495
397	369
788	606
606	299
754	697
640	203
336	244
642	74
426	249
583	477
335	321
568	564
547	136
261	110
551	310
188	116
668	558
452	169
736	614
715	517
530	176
327	325
696	15
571	388
685	199
719	600
629	166
605	205
651	588
444	415
776	554
783	362
649	457
214	45
165	149
297	261
93	77
714	336
703	493
798	571
793	31
430	319
371	143
579	11
633	266
796	420
541	14
773	43
716	579
569	216
684	633
530	315
703	290
234	111
751	679
410	2
612	232
445	356
416	94
565	554
438	302
647	514
439	143
563	504
765	318
403	334
545	541
727	608
440	306
524	387
440	68
490	78
661	155
658	562
691	294
472	198
590	298
556	310
120	83
779	753
279	107
463	57
606	463
649	93
772	34
654	625
705	145
659	558
725	48
532	257
383	226
575	241
728	167
678	650
308	101
99	70
540	59
371	185
652	553
783	755
393	162
362	46
507	281
178	59
785	421
772	612
626	597
696	251
600	545
493	223
603	275
365	93
691	304
710	465
665	637
523	412
544	176
521	251
656	363
500	163
550	71
570	232
757	97
542	257
198	47
726	50
672	79
570	225
199	144
782	52
438	107
770	394
442	70
234	56
520	397
723	127
266	97
778	426
757	203
681	266
462	419
521	51
619	154
340	120
242	159
480	57
686	94
455	391
793	642
720	644
522	213
414	77
303	76
97	25
644	313
578	497
449	304
506	53
403	309
598	565
712	113
181	144
641	238
242	176
358	127
556	178
286	252
780	41
314	6
118	98
717	174
551	330
625	200
797	234
717	524
546	436
647	166
493	326
738	475
519	492
582	533
711	214
583	364
639	237
480	10
574	550
724	140
785	496
661	476
199	68
370	52
358	83
194	80
476	84
625	560
367	357
388	131
704	517
509	278
752	339
715	464
637	523
622	551
715	473
710	252
379	137
712	502
755	573
266	46
728	254
641	477
477	64
411	0
750	342
577	376
229	143
624	195
553	3
763	318
240	195
720	712
283	102
347	87
495	336
694	35
260	159
646	513
336	124
746	46
386	310
468	138
475	309
321	286
479	251
659	564
754	27
705	682
655	417
696	61
783	739
483	478
651	453
670	370
404	394
526	113
490	158
439	330
292	78
702	590
797	329
758	52
373	46
584	109
619	307
268	54
797	25
599	195
648	8
699	161
686	613
447	90
688	262
777	200
543	443
454	310
380	112
668	128
386	73
562	389
743	431
317	62
606	591
447	357
513	382
503	500
630	145
662	496
695	229
376	310
740	621
737	673
520	399
535	6
739	314
691	275
363	36
752	18
147	28
467	254
379	55
639	121
305	103
470	34
445	303
740	412
378	157
458	74
324	28
729	604
330	91
740	608
433	399
386	126
710	462
257	52
571	414
217	12
555	385
463	228
352	165
795	479
798	257
374	193
637	463
690	653
776	651
797	164
774	595
645	34
734	189
365	75
695	240
761	130
192	153
658	169
492	332
615	45
494	199
510	159
639	93
225	160
644	422
545	377
213	9
88	34
742	333
755	404
449	85
332	317
568	83
315	296
599	535
347	314
290	205
496	197
612	315
99	59
466	387
430	364
718	347
705	496
576	222
578	386
686	656
661	421
629	374
404	83
272	139
478	450
775	689
180	73
702	242
701	467
132	44
633	411
492	99
720	19
781	722
250	7
574	219
507	160
691	485
450	39
745	679
681	112
600	399
754	373
593	479
362	15
537	41
300	146
790	322
664	306
274	215
372	67
586	436
434	203
782	460
276	126
253	141
690	617
567	139
622	184
269	191
500	388
605	573
677	492
240	167
661	236
706	133
692	471
739	490
718	31
519	237
126	79
716	573
674	273
700	132
54	53
697	575
650	117
753	328
296	262
480	385
438	401
713	314
322	218
780	735
195	59
527	73
696	484
645	39
759	447
775	373
471	280
450	49
646	220
630	318
267	17
782	630
342	157
662	130
526	375
708	108
390	347
641	68
367	43
673	628
504	343
433	402
313	164
225	2
783	125
567	105
739	181
706	124
554	128
533	328
391	124
524	306
136	134
700	538
685	139
279	55
329	17
496	72
282	24
173	36
695	565
641	132
559	224
640	126
591	543
724	405
302	16
686	372
768	279
349	228
485	20
167	163
659	657
642	464
766	252
744	563
367	61
749	685
575	128
784	107
519	490
299	187
409	114
195	122
707	294
603	489
787	67
661	47
479	423
572	459
677	601
768	580
797	194
566	552
577	513
679	65
402	94
737	610
756	11
457	312
398	229
483	35
307	300
687	66
683	154
163	108
677	22
582	183
438	76
791	35
317	45
765	374
47	3
329	159
685	402
710	523
799	280
257	18
503	426
489	60
589	521
763	26
560	433
598	107
739	392
371	235
465	178
386	349
363	21
639	378
502	336
759	167
41	39
533	530
406	8
611	401
249	183
540	61
724	162
795	449
503	228
612	355
387	126
478	89
607	67
711	81
267	95
565	263
563	186
768	504
718	91
294	242
498	371
613	414
703	429
444	171
525	357
777	771
628	271
461	387
501	457
719	277
652	197
771	132
664	180
659	452
696	488
358	345
593	531
449	245
691	690
789	654
496	187
642	397
766	437
749	501
330	178
677	301
350	196
33	24
343	152
740	650
765	527
318	276
369	317
766	374
752	167
714	546
445	53
722	301
625	389
759	251
557	157
259	166
660	574
437	407
432	299
620	348
312	166
131	89
186	104
459	363
157	143
709	132
604	379
435	17
375	83
177	98
661	106
702	44
584	258
760	10
187	129
236	28
130	40
534	176
665	236
661	392
305	209
512	236
636	535
770	330
506	493
763	593
350	268
393	144
161	72
359	67
659	453
634	452
681	680
569	333
348	183
523	2
724	280
798	557
762	53
667	430
629	337
586	475
502	202
520	139
378	54
598	264
178	22
796	119
443	39
722	190
673	71
741	424
425	96
421	402
725	534
461	310
251	86
790	5
402	59
358	302
789	412
791	557
332	27
562	38
643	224
129	8
132	56
744	170
307	111
718	56
430	355
693	56
797	333
767	313
281	181
580	411
229	79
444	214
228	195
373	339
428	141
675	60
402	57
679	356
710	77
743	99
749	545
646	521
732	394
776	64
680	107
716	648
416	285
531	235
640	482
336	180
608	463
211	178
522	140
658	535
247	137
738	43
614	491
648	195
678	376
374	209
758	530
657	544
791	49
214	11
790	761
365	362
753	640
449	249
336	15
687	419
727	228
502	306
474	283
667	614
689	404
491	76
721	285
400	54
708	44
417	91
328	141
276	199
697	276
584	471
287	141
288	162
575	82
556	425
783	748
168	147
379	250
459	264
586	507
462	169
645	585
469	428
370	265
617	506
641	268
429	290
785	536
786	333
748	519
472	241
487	120
300	269
304	256
794	151
396	28
542	216
743	338
551	62
602	118
664	187
773	740
268	56
603	385
685	52
557	21
662	338
590	452
792	21
509	488
720	41
303	274
317	179
704	239
328	25
768	295
623	296
530	360
341	38
415	195
699	333
540	205
356	80
657	368
531	288
522	191
397	132
708	88
378	220
462	277
336	241
447	397
131	55
768	599
604	460
779	313
565	47
449	154
785	57
662	375
767	235
649	418
784	630
561	338
236	203
327	203
660	220
654	618
110	47
672	39
746	350
500	97
627	441
337	180
631	106
622	482
68	4
426	382
539	317
69	57
198	13
516	181
89	54
413	239
724	370
783	780
248	161
304	87
402	234
663	67
280	10
798	29
796	696
347	28
600	352
376	50
660	433
545	382
743	409
383	21
767	557
495	107
763	750
557	177
795	407
328	75
764	203
625	291
649	404
681	222
662	637
692	453
712	656
607	433
665	455
459	256
643	246
522	503
531	449
436	244
778	155
415	402
369	39
487	166
736	41
745	324
610	103
501	58
102	61
794	497
104	67
615	4
793	516
711	603
691	555
613	182
658	166
469	464
586	95
672	213
691	469
613	535
601	540
789	685
752	598
750	559
785	693
282	211
318	269
476	303
202	187
757	62
588	69
673	652
753	97
357	76
174	26
612	364
621	554
708	698
758	76
274	106
694	167
233	108
505	204
585	284
573	211
300	206
690	109
168	77
595	296
360	159
488	440
511	252
534	91
705	334
596	94
299	292
547	411
590	160
136	6
673	647
709	537
746	667
432	105
338	91
679	257
144	36
327	324
715	597
417	180
475	23
416	43
761	37
164	2
770	525
717	641
394	194
619	241
375	171
769	105
175	61
582	424
677	506
757	134
699	259
382	186
55	17
288	253
306	239
762	567
698	188
384	99
756	197
112	88
457	391
766	761
730	546
602	493
205	128
509	177
726	331
289	89
631	65
769	260
226	128
651	182
170	136
36	11
721	371
374	146
704	228
652	175
784	289
491	258
523	326
82	61
512	318
799	33
541	106
620	12
739	566
656	15
700	437
139	129
504	391
712	468
357	7
742	703
643	504
430	196
718	462
649	298
488	381
533	94
622	268
750	679
180	105
753	449
590	367
607	277
362	55
797	754
215	11
636	385
613	159
607	410
620	3
753	265
501	338
537	465
504	206
735	99
632	58
728	381
364	55
503	439
776	388
546	183
488	340
440	168
559	285
268	83
516	60
312	0
751	76
459	300
303	124
334	284
684	398
602	40
341	206
126	77
111	101
708	333
418	53
296	237
698	182
709	472
666	435
466	293
694	588
292	68
695	368
725	628
82	35
189	28
666	536
469	165
713	61
483	356
670	301
727	510
726	391
387	102
314	32
665	447
689	63
778	320
486	172
343	12
333	303
687	533
441	36
255	240
718	214
791	717
479	228
702	411
757	226
610	532
471	246
501	335
257	83
528	443
717	667
714	458
765	522
787	431
756	113
443	62
614	400
586	532
536	171
729	76
665	149
523	230
502	492
662	568
688	283
626	357
620	64
552	299
558	64
709	49
334	124
357	157
156	144
794	384
440	5
509	121
519	445
668	492
601	529
623	75
599	31
792	263
745	201
656	468
649	105
522	318
668	248
535	286
670	205
577	188
609	103
235	97
200	176
535	133
421	210
497	355
276	264
499	400
633	244
302	276
703	580
586	242
307	12
651	595
680	489
667	505
467	299
667	656
402	159
706	448
649	595
760	632
225	29
473	268
119	11
260	237
661	174
780	360
727	400
439	301
389	255
789	120
665	593
463	215
754	6
302	239
149	77
710	626
161	41
210	49
590	23
443	389
321	250
386	204
563	562
71	56
619	355
448	143
277	274
643	378
390	285
617	36
701	156
251	106
685	153
568	264
701	425
516	407
650	18
716	5
728	107
676	515
688	226
495	232
617	451
797	528
296	122
683	206
756	511
426	227
577	194
529	309
344	271
661	626
723	3
283	94
705	694
686	343
265	93
796	72
749	283
289	56
737	680
510	97
731	234
368	88
228	183
555	533
299	286
646	446
764	660
487	293
370	194
590	363
773	71
418	166
364	187
541	275
677	584
783	157
719	569
545	123
403	354
78	71
673	344
139	126
388	168
214	91
540	391
144	74
237	0
552	518
702	672
287	133
683	560
780	215
499	290
605	188
408	95
650	368
570	222
771	359
644	20
577	190
534	173
468	329
700	213
93	79
346	99
635	151
539	450
780	772
639	548
354	146
173	53
301	193
398	163
373	78
779	10
371	209
581	399
85	73
642	299
560	307
651	315
212	21
546	201
459	446
314	35
504	217
748	709
750	462
644	54
446	216
85	21
618	145
585	468
609	354
781	360
216	41
698	256
735	262
398	23
739	158
561	249
451	207
119	75
531	192
632	612
321	194
781	651
224	172
729	618
660	245
166	161
456	293
555	331
775	562
782	468
764	44
318	126
199	35
732	170
490	35
553	544
296	27
653	544
245	200
758	88
569	524
158	144
485	134
328	209
699	268
160	52
197	185
681	411
80	50
687	314
422	402
607	601
613	291
127	84
729	553
503	495
637	75
691	106
567	266
690	13
793	699
652	561
721	550
667	249
771	31
572	210
754	211
588	511
613	431
729	658
540	26
591	402
348	90
456	119
644	104
319	283
393	242
798	685
454	100
610	79
465	303
593	38
505	287
696	258
771	25
790	667
305	261
417	70
744	528
733	712
241	210
769	474
742	577
438	356
597	152
778	596
313	296
757	312
701	91
681	57
445	281
706	561
405	5
550	14
248	131
697	683
606	572
715	650
745	211
378	356
697	569
745	230
569	45
531	16
708	177
467	321
32	17
80	37
642	269
788	88
263	80
299	118
440	80
117	94
238	97
297	118
517	368
576	494
419	294
465	229
161	34
487	465
762	62
724	37
458	54
558	446
492	400
552	354
718	139
469	453
245	234
749	451
524	185
559	199
653	382
40	1
251	62
515	73
713	652
429	417
405	188
674	442
688	219
583	9
786	178
526	192
333	286
353	282
563	30
788	683
493	11
270	227
727	338
772	758
689	213
620	123
705	291
472	201
712	73
553	250
620	66
777	299
790	738
277	121
315	26
356	37
137	83
481	373
379	152
497	261
334	325
690	318
214	104
282	6
693	200
476	415
266	173
115	29
654	608
377	128
691	72
660	124
653	300
135	90
485	258
315	302
533	24
306	163
649	317
651	298
627	510
125	82
626	185
448	50
764	176
313	214
697	164
632	481
504	487
268	228
709	272
587	393
623	550
709	221
442	396
768	639
772	590
605	587
749	747
775	152
251	22
586	169
482	132
784	736
736	435
730	334
253	39
320	106
731	55
710	43
715	403
667	528
339	1
413	63
536	411
774	604
730	124
308	200
562	159
567	440
617	380
348	307
521	116
520	101
701	436
249	231
728	561
599	441
481	344
164	41
723	239
552	295
348	9
668	10
417	96
545	348
274	192
679	442
744	551
497	0
709	565
794	32
357	315
686	599
684	137
762	464
258	156
575	439
796	539
479	143
487	335
728	525
482	476
390	300
535	88
596	24
54	27
645	93
454	247
708	186
699	185
539	515
309	94
788	472
527	326
478	175
705	26
448	230
408	256
449	358
489	225
687	620
487	485
421	392
601	585
333	206
308	142
614	184
648	604
313	305
490	62
571	128
217	88
172	143
647	492
793	640
537	415
737	42
739	534
690	551
454	349
351	250
536	73
318	271
268	208
689	53
74	2
643	302
340	38
538	517
576	331
566	9
495	201
665	633
566	286
585	41
466	270
678	484
689	324
663	73
465	90
744	20
705	651
754	728
296	214
691	659
717	471
706	112
606	324
683	632
796	107
330	197
398	193
523	60
466	233
453	55
503	271
780	149
508	405
579	330
199	124
672	215
765	111
135	79
134	100
167	97
46	29
148	33
144	52
390	341
591	161
584	404
671	474
508	237
406	323
692	109
527	132
148	18
773	566
389	297
709	212
539	248
747	91
565	276
698	95
512	38
696	29
794	335
522	291
376	318
373	191
584	246
452	240
412	89
708	471
313	210
234	55
395	170
774	559
619	251
773	393
792	646
735	571
274	74
709	693
563	297
651	463
289	171
683	74
787	603
642	493
576	552
124	100
28	26
260	195
526	263
448	289
533	56
731	628
757	132
91	2
292	217
208	19
616	503
775	192
636	105
376	28
377	287
78	72
664	292
90	8
543	239
337	112
594	552
682	557
700	679
467	146
751	312
716	164
192	72
159	16
392	73
465	364
355	248
636	598
736	569
574	229
688	606
395	326
393	341
697	54
669	266
751	162
210	45
505	248
667	283
262	226
103	20
492	51
599	429
745	608
609	147
538	409
640	412
550	185
166	121
131	49
777	659
598	84
583	76
683	344
467	312
778	488
794	62
222	97
631	203
475	20
388	293
495	485
782	360
396	281
442	59
763	190
532	198
744	59
705	402
722	681
480	260
397	295
748	169
513	88
95	26
387	29
769	470
690	381
747	165
452	230
275	208
158	101
703	109
727	692
660	431
657	46
533	210
643	477
193	49
576	412
215	60
744	697
389	369
699	552
330	328
544	89
345	129
115	71
622	376
794	81
683	305
408	163
588	13
451	317
604	180
293	171
127	104
424	134
694	1
747	303
472	194
146	7
369	97
782	386
769	415
399	250
382	201
672	7
746	638
583	478
474	199
238	184
551	206
489	86
320	157
451	95
571	468
793	111
659	113
622	13
763	292
41	7
780	760
428	158
547	19
547	358
743	442
758	359
640	639
495	40
700	368
764	754
505	311
753	313
667	474
453	335
687	466
489	396
738	614
552	290
252	146
475	470
439	36
382	148
499	277
656	536
729	216
202	51
632	40
549	513
651	275
341	111
289	242
364	125
418	127
441	297
708	486
354	307
351	216
244	118
766	608
673	323
594	46
757	383
224	126
770	419
548	220
702	685
509	389
349	192
579	531
315	218
314	31
701	165
798	317
507	299
743	214
418	232
244	232
687	409
56	7
438	103
624	352
744	149
53	32
665	297
676	87
258	231
345	212
207	197
284	239
569	91
307	257
391	126
796	609
745	545
281	43
164	27
405	192
93	39
397	238
616	333
600	51
600	155
480	413
552	482
454	397
667	304
734	481
437	13
736	144
608	21
736	577
480	117
590	146
179	110
693	468
789	745
708	301
398	276
517	256
235	161
584	301
754	505
696	545
205	26
459	146
570	525
734	573
768	153
340	243
423	85
670	357
775	131
648	46
775	716
558	19
732	697
549	115
743	51
432	308
391	311
383	369
708	297
725	241
694	312
360	197
788	519
426	132
791	266
706	261
653	299
136	33
624	360
394	246
763	370
604	339
336	191
799	715
646	503
509	25
711	175
515	223
466	441
98	24
393	382
769	686
446	193
780	243
538	481
607	505
788	501
613	293
703	40
422	410
447	386
517	332
678	114
571	336
496	385
465	461
293	264
709	671
563	73
693	139
697	152
758	668
598	133
667	119
460	320
783	322
785	396
561	514
792	445
556	18
679	277
116	100
536	41
773	490
243	228
743	619
371	7
259	224
323	196
700	677
728	703
172	171
193	22
613	158
420	375
642	370
644	387
560	225
653	87
352	137
606	81
786	310
521	497
639	112
661	619
746	135
687	54
395	276
219	180
508	263
789	668
499	124
768	654
548	190
785	433
267	228
228	72
713	586
428	145
193	6
321	224
720	49
608	584
419	254
494	465
316	39
258	71
232	170
733	667
590	484
676	403
664	200
624	476
77	7
453	127
416	70
712	564
285	182
449	414
650	168
370	143
530	434
491	304
653	415
445	299
746	295
692	163
574	0
659	111
363	193
338	330
771	79
786	608
396	61
311	132
327	48
445	73
761	264
590	149
318	217
738	311
595	434
601	272
460	170
509	36
564	299
618	579
408	145
387	49
682	331
669	68
329	53
572	367
500	113
678	183
650	21
551	345
596	466
283	89
516	355
692	229
87	27
714	120
721	705
594	73
650	476
331	274
522	255
472	232
736	275
645	87
677	278
730	651
441	388
757	350
91	51
583	332
484	331
526	97
654	11
242	82
385	158
661	264
674	206
755	434
459	105
68	45
543	251
218	50
684	509
361	140
455	40
351	201
450	172
588	125
524	200
226	146
410	11
328	145
728	596
288	142
398	374
510	57
373	66
438	203
476	470
298	91
333	243
115	49
714	438
371	151
515	142
610	86
699	295
534	487
278	271
661	8
123	99
316	226
308	145
206	160
222	156
662	654
197	31
734	31
741	574
543	199
759	645
718	210
738	483
638	133
709	341
565	349
614	235
575	514
414	361
578	462
254	81
160	136
555	35
440	245
514	337
727	474
379	63
786	121
652	439
359	116
458	252
599	438
241	219
756	752
637	342
734	78
609	592
253	138
538	470
391	13
254	150
260	204
257	2
740	8
647	191
630	3
698	234
638	609
783	449
466	297
673	79
678	153
611	158
654	535
566	295
261	32
155	125
347	162
614	348
780	425
519	254
113	33
442	84
658	524
785	704
522	229
589	556
307	223
769	401
447	193
557	408
81	13
488	438
649	435
539	509
392	133
497	164
519	334
784	132
484	248
268	166
511	445
661	634
668	427
361	177
655	157
640	365
744	263
600	177
733	157
510	332
743	579
719	18
214	29
355	236
797	707
667	489
3	2
207	65
580	242
388	206
236	188
543	2
232	184
59	26
306	188
632	26
703	349
553	453
505	187
646	86
763	722
757	706
792	406
381	281
675	151
715	690
549	541
147	66
613	92
548	233
708	170
403	47
765	647
662	319
669	192
175	18
625	604
613	257
251	108
757	394
150	71
420	57
667	29
686	317
563	21
726	479
281	36
659	183
553	85
647	562
576	267
168	157
392	198
486	139
630	597
287	88
287	207
546	254
772	408
701	525
600	213
535	92
681	519
773	3
713	181
703	317
258	110
666	247
720	541
748	517
562	242
679	467
443	304
577	333
449	71
773	659
557	240
593	356
385	140
753	65
370	48
603	261
706	248
625	377
560	346
341	276
730	594
638	458
691	268
461	420
630	12
499	81
118	42
793	724
694	500
389	374
297	265
347	119
467	198
490	199
576	53
623	295
736	271
612	532
702	461
627	609
146	115
512	452
768	408
427	263
653	5
376	17
749	491
476	6
731	134
420	176
726	208
659	272
654	401
296	273
481	269
524	269
714	339
309	143
151	65
607	212
767	406
782	227
687	41
713	543
552	81
498	183
672	242
560	488
783	673
250	190
736	662
308	267
533	162
765	279
568	13
312	64
427	47
46	31
61	22
503	132
360	233
234	66
68	51
315	161
779	104
680	218
748	243
507	287
739	661
775	477
144	112
240	157
507	376
756	131
600	308
513	96
687	173
580	355
418	403
349	240
96	12
296	136
566	523
555	465
589	293
683	372
474	185
779	97
527	276
623	424
415	175
610	224
704	304
704	581
480	171
750	93
426	193
763	64
573	71
692	679
715	485
67	15
755	477
763	113
583	516
581	203
591	107
689	56
405	263
354	22
233	219
729	54
661	170
633	495
335	270
775	466
721	188
525	267
600	326
719	338
794	542
489	124
280	69
752	393
525	515
603	194
584	444
520	364
632	179
546	83
669	222
409	369
217	68
598	283
650	562
542	166
757	337
589	464
549	211
734	639
729	502
575	49
548	153
750	48
449	76
475	321
772	457
501	224
526	392
397	368
131	4
797	515
338	266
74	14
555	475
510	225
766	264
732	303
670	143
165	3
685	30
278	49
779	210
520	50
489	163
773	253
473	49
666	62
505	83
222	205
525	69
566	28
390	254
760	86
680	243
89	40
718	628
624	228
735	56
430	226
351	346
748	73
793	56
146	133
783	166
737	302
650	255
676	276
688	113
673	263
666	500
477	315
348	159
698	288
763	407
559	133
346	240
283	255
571	238
415	376
538	268
771	228
566	391
104	37
764	397
568	324
405	280
493	390
54	45
542	428
230	106
785	340
720	681
747	493
679	311
623	373
627	559
322	138
365	346
634	336
395	100
576	289
545	482
278	17
767	188
571	519
154	12
312	54
797	771
445	139
423	137
600	130
662	112
418	279
757	127
501	209
528	358
395	24
785	698
682	342
228	113
764	266
505	252
775	739
564	124
386	187
693	5
469	451
378	255
410	368
637	556
337	254
720	487
389	237
747	433
475	103
670	514
442	373
678	345
635	143
767	591
727	414
730	90
532	266
768	520
768	206
356	236
740	219
290	174
694	591
691	491
650	468
780	292
774	627
660	211
627	556
771	233
412	381
555	170
422	53
292	50
491	294
303	73
451	334
470	372
644	102
597	267
796	372
393	344
727	6
63	59
376	351
626	95
663	472
594	118
563	554
744	220
609	104
778	590
645	602
178	38
193	24
745	659
750	612
626	418
482	323
166	17
500	9
687	34
529	269
720	170
312	112
372	348
494	297
505	89
157	102
283	13
722	153
763	745
228	106
573	209
705	149
389	24
127	110
78	8
235	105
150	11
664	8
764	285
275	227
513	18
309	44
625	534
576	463
403	215
363	143
391	2
779	616
773	180
356	295
301	118
633	471
551	360
421	21
566	74
673	312
517	482
348	294
493	147
727	98
410	9
235	92
553	451
655	376
651	266
524	317
399	347
291	225
228	182
660	435
711	62
357	323
688	186
684	341
557	253
696	325
296	17
304	303
541	73
472	215
745	389
615	111
546	532
721	362
667	242
722	251
709	353
330	85
661	119
420	246
335	285
756	236
640	51
784	89
799	205
725	590
245	227
567	528
693	214
69	38
786	67
235	8
575	140
633	601
764	593
531	497
641	333
364	17
575	301
757	23
15	10
698	148
771	592
591	49
746	246
727	631
778	516
369	4
224	163
785	23
347	276
475	380
669	170
488	163
396	346
236	221
440	399
507	468
790	108
413	122
316	253
695	85
561	232
666	71
360	136
515	278
442	301
776	366
764	284
423	235
591	310
722	592
316	80
564	309
516	4
245	34
704	423
435	163
568	129
568	560
598	545
574	324
444	217
761	721
98	52
704	614
725	87
310	251
266	89
296	193
679	526
510	62
479	148
787	353
760	179
369	302
614	434
666	461
308	281
383	51
795	664
799	27
574	464
610	197
771	67
583	406
423	174
667	91
244	191
141	98
194	76
713	295
681	662
563	99
570	488
503	254
94	83
630	381
287	120
210	145
563	523
578	55
459	333
448	134
501	99
609	346
305	216
782	475
781	761
243	87
300	292
286	163
499	35
326	88
168	66
260	155
711	538
715	414
784	0
399	165
691	383
771	600
630	7
354	70
332	232
528	504
671	259
400	173
710	687
522	163
375	197
598	129
738	351
341	163
550	329
712	76
783	59
653	335
684	240
464	337
743	385
319	269
388	187
493	195
521	90
495	165
423	8
395	302
687	535
683	56
93	62
293	245
529	172
638	441
324	135
556	156
499	406
687	487
406	258
376	134
118	76
220	95
568	51
506	7
384	75
500	7
158	29
323	302
348	315
405	258
624	25
467	57
722	104
281	73
266	42
753	715
767	627
57	16
533	484
420	141
302	27
534	85
155	94
204	85
356	305
594	108
434	119
241	190
363	0
621	64
565	242
402	315
686	430
571	342
202	170
674	458
114	3
766	288
772	224
42	11
562	192
778	570
325	197
516	26
153	127
701	282
408	313
387	132
773	422
325	111
532	393
356	220
362	229
721	93
710	174
484	211
754	301
310	47
229	183
700	493
342	139
626	521
789	44
601	152
698	692
765	323
424	23
632	87
676	601
184	176
698	73
787	453
526	361
764	40
216	106
575	317
685	681
387	233
764	292
760	391
460	370
584	356
385	151
754	397
479	156
778	689
214	127
453	412
433	394
427	192
764	440
521	174
415	228
411	350
513	494
462	294
679	480
430	200
479	354
595	251
339	152
758	410
634	353
587	1
598	63
752	9
314	85
766	86
649	126
630	400
544	20
726	191
780	652
400	217
545	305
796	478
518	258
406	160
311	125
305	86
451	326
492	353
689	219
326	87
334	93
650	341
233	114
174	32
672	5
662	161
445	239
397	236
276	266
797	563
671	163
154	104
697	206
690	610
661	603
568	274
214	110
772	645
750	185
540	232
552	128
473	385
640	80
594	362
139	22
724	164
525	436
679	519
725	66
635	96
730	429
439	431
418	62
332	75
385	194
468	442
572	25
525	198
539	72
410	244
547	246
481	23
275	183
501	454
747	206
759	387
541	354
300	21
285	127
744	342
77	61
677	302
403	299
452	332
210	165
481	310
745	41
789	100
614	204
702	237
764	264
136	9
792	131
531	486
344	236
301	219
555	63
722	331
630	249
79	78
742	733
548	93
796	614
590	226
62	31
349	132
700	251
795	601
250	205
641	247
395	354
700	24
718	88
525	427
674	211
408	16
122	34
694	277
708	436
594	406
633	398
474	163
208	43
757	335
777	127
320	288
618	533
669	561
640	44
566	7
532	124
702	444
628	612
426	108
610	392
600	100
798	711
497	124
675	108
500	38
56	39
539	80
543	414
731	426
445	98
372	247
676	143
279	38
627	536
685	424
757	536
552	95
543	428
767	456
797	496
484	200
710	453
799	248
628	29
576	440
557	329
313	87
377	219
359	325
538	380
736	92
648	344
653	591
651	96
398	367
472	429
740	142
356	124
610	238
38	10
797	132
226	58
330	134
667	357
129	79
484	396
448	225
168	63
169	100
510	495
576	385
18	16
691	307
713	108
762	109
570	165
661	73
392	119
639	339
570	242
621	285
617	491
266	8
254	157
606	395
372	319
606	306
380	295
753	270
193	1
216	158
792	555
541	185
134	59
742	636
772	699
637	52
751	170
246	19
388	316
252	214
530	46
728	650
218	43
764	172
