398	20
125	21
381	9
168	161
365	4
295	139
562	211
469	21
546	483
598	300
75	5
139	72
527	414
316	307
164	92
175	72
410	368
592	297
419	325
524	128
581	355
404	382
531	191
254	89
384	121
221	208
353	343
419	61
599	72
579	289
393	93
443	316
432	206
374	170
328	255
536	268
457	135
299	115
361	359
516	335
331	83
489	138
507	463
473	239
578	282
376	45
334	72
593	463
460	373
325	114
249	79
109	89
496	241
583	502
381	258
476	175
494	134
513	133
543	358
421	387
348	115
533	199
467	108
342	52
505	43
480	5
339	72
549	189
503	400
199	102
328	121
345	238
271	20
387	103
498	300
539	448
304	118
278	157
157	3
433	6
127	102
189	23
461	158
319	131
216	166
480	302
543	372
382	139
573	305
584	7
438	209
566	92
332	222
390	343
597	526
313	210
498	247
500	313
443	235
492	300
497	323
234	105
471	439
568	443
170	141
560	434
358	201
280	107
172	36
539	126
405	72
467	243
195	40
484	185
402	395
16	0
541	12
470	378
516	39
319	289
241	99
594	334
543	306
289	275
362	44
308	210
239	202
512	467
367	222
462	422
121	54
169	97
277	246
169	59
527	237
390	232
542	128
558	73
465	260
318	108
368	119
534	6
453	162
472	417
243	23
221	100
266	211
591	104
578	261
329	125
456	292
575	217
256	116
504	338
479	457
243	229
539	49
573	452
266	118
477	441
545	246
504	295
210	70
545	129
338	8
280	116
581	270
586	575
442	304
365	281
355	185
373	109
378	183
321	10
556	287
267	21
561	81
244	116
473	17
427	201
503	235
552	300
280	128
129	9
430	153
550	226
423	251
472	153
397	265
553	411
490	379
515	511
283	148
398	216
170	132
112	75
596	229
344	178
357	18
124	40
436	359
136	41
483	457
425	306
500	386
497	25
415	364
72	35
584	529
556	315
423	204
380	236
410	262
538	122
569	421
49	4
541	290
465	62
524	156
583	306
398	105
275	10
366	75
343	266
568	18
596	108
111	28
493	433
197	4
489	204
586	278
295	142
434	347
231	18
339	135
591	251
452	134
310	263
445	397
510	264
169	96
382	281
472	456
449	206
257	230
516	85
427	278
433	164
481	348
113	1
364	229
444	215
513	364
517	364
578	376
329	254
282	164
426	253
391	249
538	52
568	495
574	546
84	53
516	38
422	305
499	197
349	109
551	93
557	24
502	334
532	391
568	112
225	76
243	64
526	525
427	58
480	136
546	497
569	10
521	150
421	121
310	91
340	246
593	107
515	318
596	391
569	282
436	169
71	39
309	202
305	129
550	92
533	433
397	29
404	163
506	47
533	38
224	213
172	47
514	413
547	480
309	215
212	123
296	168
455	19
239	118
362	157
573	207
469	266
318	64
369	46
467	179
577	476
584	384
326	208
376	231
387	71
327	236
336	54
509	362
550	356
537	73
434	125
552	313
584	249
475	379
41	17
560	32
247	242
514	306
226	18
515	446
579	412
131	126
303	62
149	85
536	325
391	132
559	262
241	95
481	140
510	192
540	418
520	487
279	191
568	304
524	460
259	154
207	36
562	509
369	52
596	320
520	113
452	115
368	251
582	196
420	379
332	306
381	306
426	377
421	278
533	6
559	47
540	498
326	99
519	371
308	125
389	31
425	181
368	123
227	171
413	244
137	14
437	46
438	133
427	403
592	321
358	91
315	167
541	320
349	159
437	182
522	205
516	28
568	563
457	428
560	225
549	492
181	59
381	111
575	70
425	424
479	14
499	364
355	239
535	192
582	307
335	186
149	80
447	406
471	335
382	66
296	102
467	61
558	18
572	288
242	111
197	49
495	244
551	494
552	35
186	8
419	180
506	225
454	199
255	175
155	118
366	332
569	436
430	134
443	219
174	49
225	37
193	153
77	57
316	198
523	411
525	122
166	41
492	218
561	254
212	116
398	141
484	222
563	239
413	246
240	152
400	60
555	217
340	13
555	465
588	87
506	27
358	97
369	350
482	237
459	382
330	209
529	456
339	90
94	51
459	98
435	4
473	232
483	40
465	26
433	44
263	120
215	74
523	503
517	331
442	71
203	147
522	322
412	130
533	371
584	20
479	303
506	194
584	461
446	238
410	192
594	216
525	68
454	417
378	125
568	354
271	134
553	468
407	118
472	343
348	21
562	113
278	96
497	54
356	271
400	129
182	69
370	19
477	200
400	102
265	145
287	55
316	216
350	29
351	138
193	1
504	272
518	131
584	556
372	85
137	93
478	51
561	477
446	305
467	270
466	462
578	24
374	85
444	154
245	29
586	304
413	296
105	93
42	27
394	175
429	312
472	92
497	288
459	139
500	153
254	102
367	325
315	105
530	233
484	78
553	89
578	56
578	230
98	77
175	174
248	11
207	178
472	187
87	50
79	63
356	78
272	66
241	126
545	135
497	181
242	41
580	543
466	23
586	483
446	109
212	78
375	313
161	57
254	245
506	248
587	372
479	300
545	104
364	49
311	79
563	104
596	536
305	57
591	209
428	234
382	381
443	270
365	270
544	258
561	132
140	104
446	173
44	42
501	425
592	344
231	198
486	371
90	52
314	180
562	122
449	385
544	309
341	169
582	222
166	54
526	240
355	0
495	330
385	77
413	153
321	303
205	187
532	323
531	170
338	170
543	501
211	25
510	357
546	148
318	77
161	65
389	68
543	254
271	136
195	19
553	522
271	181
134	25
298	128
568	143
594	321
243	163
494	253
484	53
463	10
345	236
445	12
547	281
572	217
448	160
433	27
279	198
444	106
282	126
476	204
542	508
589	493
521	274
174	120
333	25
314	103
288	177
506	459
466	429
303	275
88	34
402	264
222	12
376	43
514	343
547	519
121	116
427	88
560	425
585	135
557	406
284	204
317	85
561	434
431	76
256	196
443	38
306	283
220	70
302	204
555	494
503	96
289	7
483	13
557	549
531	294
388	201
400	278
572	257
584	41
494	26
349	176
255	22
276	100
286	117
496	39
379	257
509	7
505	393
533	475
197	122
313	7
61	5
110	44
541	370
596	366
394	119
515	378
526	431
419	76
485	257
508	308
221	6
475	390
224	81
506	445
364	171
276	143
572	142
233	185
552	176
441	316
364	300
502	129
81	8
401	207
394	46
585	171
454	315
577	234
249	218
232	196
568	399
335	110
463	162
398	130
561	145
564	372
535	43
205	115
488	118
547	535
586	46
318	90
455	114
135	82
175	82
435	332
115	24
466	413
582	234
595	581
287	280
500	326
447	421
375	203
585	550
563	289
459	242
338	66
509	425
587	421
308	120
209	72
501	343
405	383
50	18
241	228
158	66
462	175
569	47
255	3
559	119
207	199
440	182
402	345
296	16
478	363
591	278
159	127
459	115
292	18
443	298
592	420
509	97
467	120
548	452
460	140
576	193
484	356
514	441
557	359
431	30
587	586
197	166
260	135
525	15
388	41
384	86
339	193
400	109
179	13
377	139
278	12
496	476
476	450
392	265
217	179
361	256
495	462
309	97
91	12
526	145
433	154
533	514
237	178
585	493
106	64
463	24
428	418
461	18
244	224
503	35
356	158
89	0
495	381
523	224
469	371
198	42
201	192
102	33
552	49
455	50
277	217
513	335
219	106
484	293
536	459
537	193
77	3
484	170
258	137
512	455
572	171
202	75
252	52
493	156
557	529
546	250
589	30
275	226
500	263
541	380
430	165
571	155
304	131
511	203
595	118
306	264
553	441
426	63
574	373
462	24
493	466
549	320
104	33
598	510
154	36
221	159
366	21
222	151
329	255
447	404
550	354
411	198
543	508
577	98
454	386
259	147
180	132
566	316
313	122
526	472
122	50
401	396
462	76
490	164
250	196
376	95
461	97
329	186
151	97
596	580
489	220
363	106
425	226
422	57
316	120
149	25
480	201
115	100
405	359
18	7
356	287
544	139
331	329
427	296
489	85
279	101
591	115
205	158
588	137
108	1
377	16
247	239
581	499
487	31
547	245
422	390
224	188
504	190
208	164
596	267
436	234
582	86
491	251
476	164
521	442
532	234
106	52
157	64
465	65
563	468
474	83
488	19
296	35
583	250
243	130
288	260
451	124
322	62
579	473
539	466
594	458
501	158
597	552
449	431
190	170
590	561
540	471
580	396
534	436
439	215
521	213
314	232
144	52
223	204
568	447
361	248
589	44
591	354
532	235
271	213
491	461
437	269
539	96
127	15
579	201
371	187
248	210
430	32
522	309
316	55
330	168
414	204
128	7
591	153
509	2
434	220
53	32
586	559
557	257
388	160
446	9
599	139
58	15
464	379
344	343
545	173
369	271
522	485
544	69
485	306
233	145
585	547
522	228
180	102
476	266
572	245
272	100
257	14
373	26
306	143
426	198
473	327
310	183
408	386
171	44
465	280
531	400
380	133
557	95
587	417
459	71
539	408
428	2
486	2
415	280
476	181
569	131
379	146
370	239
496	66
567	74
386	152
207	0
590	588
363	13
211	10
582	184
570	172
591	371
525	290
111	54
266	33
517	210
474	104
403	107
560	402
564	313
428	348
508	199
535	272
307	200
458	422
364	270
365	324
543	452
286	249
469	145
392	47
493	272
588	227
430	226
567	370
597	263
277	159
474	233
264	39
220	66
352	263
574	347
422	317
573	340
460	258
158	94
449	448
497	405
358	270
218	95
533	277
134	89
498	95
186	158
523	370
566	518
507	145
570	320
568	243
560	381
336	248
330	9
323	3
502	361
338	180
594	27
269	244
555	184
473	76
435	401
474	437
501	300
328	216
560	555
562	138
564	263
156	4
488	155
407	155
518	189
437	124
591	192
368	132
180	159
582	369
506	497
416	233
57	19
381	248
370	23
548	206
367	258
211	118
236	118
335	91
437	157
333	3
542	99
77	54
427	136
258	242
219	95
273	172
481	77
575	469
309	256
140	43
447	316
22	9
582	162
499	340
588	297
108	30
466	352
552	199
385	40
474	378
471	180
454	410
297	38
405	229
597	491
356	72
202	135
432	68
306	59
413	331
539	66
351	11
509	432
425	303
524	338
398	192
175	105
363	231
338	234
558	39
558	168
149	70
560	366
266	61
180	16
576	175
244	104
593	540
191	177
246	122
523	356
522	271
590	587
324	236
340	96
73	22
169	120
252	237
375	164
264	145
424	305
177	112
538	362
468	138
407	354
94	28
422	272
598	46
472	17
154	70
132	48
315	31
238	35
415	168
528	95
477	37
446	347
297	126
298	56
397	373
442	265
196	190
379	125
243	123
212	28
453	91
354	288
427	246
488	390
231	16
583	108
499	442
402	84
278	118
303	262
275	232
485	287
501	162
539	119
461	224
526	456
228	2
328	102
302	156
566	351
319	128
261	194
527	377
427	420
471	132
578	459
378	281
404	61
388	289
562	403
337	237
302	271
422	231
412	257
180	101
539	373
581	90
568	101
410	370
542	482
518	78
416	198
377	131
284	188
596	14
277	167
249	15
105	44
358	92
242	219
450	226
290	73
148	69
457	18
584	108
401	55
253	118
394	393
418	60
522	206
561	158
545	239
256	193
138	81
521	510
56	45
513	336
184	113
559	337
107	27
526	522
171	135
481	55
469	243
250	120
497	121
587	171
426	98
361	197
212	33
493	5
360	231
143	50
229	62
258	213
361	156
511	124
463	122
474	48
466	65
389	36
235	90
549	26
262	87
533	30
186	75
225	18
376	196
537	81
237	76
315	163
315	185
446	345
489	362
544	533
432	110
449	35
367	143
513	390
580	239
502	161
550	509
566	466
382	31
429	359
289	196
589	269
480	384
230	63
499	310
453	50
410	93
509	471
402	92
566	417
325	61
590	589
413	90
560	118
413	350
561	78
354	180
255	7
519	516
211	92
444	360
575	215
343	142
523	363
355	354
306	118
360	202
566	538
559	281
544	227
370	156
476	29
448	360
269	48
289	18
278	258
387	277
410	112
507	221
356	339
377	334
558	247
499	190
477	362
382	200
504	433
471	20
599	69
525	133
264	79
574	62
535	439
423	174
561	207
296	212
585	564
310	14
595	411
442	409
506	456
454	451
429	14
451	336
306	141
561	424
439	229
335	132
397	18
378	225
323	94
435	58
309	247
489	143
595	523
537	436
312	40
114	26
509	310
520	191
378	340
172	108
447	226
323	96
599	393
567	105
514	456
278	134
596	317
217	200
543	323
272	29
558	243
581	124
429	331
564	342
565	306
508	46
518	251
541	257
542	352
146	115
341	78
343	297
187	17
235	113
336	193
509	495
56	21
561	28
233	194
344	218
186	73
471	176
531	306
298	295
399	68
101	29
522	1
487	267
489	12
377	180
584	512
541	17
567	223
341	91
511	327
527	83
261	80
471	168
510	315
566	232
285	10
236	1
416	380
352	71
292	212
547	529
434	110
439	182
519	398
414	132
405	92
532	3
450	178
342	334
442	113
433	149
351	68
597	86
555	159
553	94
369	251
283	253
445	146
408	11
548	375
430	113
543	441
470	411
321	54
501	302
455	379
383	180
417	364
523	488
406	250
587	474
341	167
570	37
514	257
349	195
357	236
437	173
299	234
98	83
454	349
282	205
590	424
441	236
437	43
428	14
483	25
203	140
154	141
434	139
408	64
495	286
336	203
553	515
447	86
349	67
591	380
225	73
592	64
355	126
334	273
384	147
595	535
562	37
429	409
207	149
414	240
499	489
275	52
519	384
362	96
498	150
570	385
449	78
551	218
429	373
414	85
104	28
372	333
267	28
553	259
277	96
574	168
442	172
285	125
483	442
210	21
506	75
458	26
387	265
477	351
490	238
580	364
590	357
241	229
550	534
93	4
249	217
462	25
367	169
390	38
43	35
308	28
264	78
488	438
257	36
391	382
561	116
275	60
346	78
48	36
395	160
360	15
126	104
550	273
583	141
390	126
237	20
548	23
341	41
548	20
506	265
311	103
464	412
595	416
123	107
395	150
229	39
302	42
528	68
270	61
203	91
593	5
118	79
307	305
516	182
584	148
558	396
325	220
515	429
144	112
421	419
362	317
401	99
485	34
517	232
509	291
584	236
440	320
553	91
397	42
543	286
567	466
493	335
498	494
555	174
560	219
519	6
569	353
102	45
182	107
572	290
107	38
371	228
560	64
555	115
507	478
124	58
429	423
437	411
593	39
267	266
423	187
231	230
238	169
412	23
544	87
538	417
503	197
429	181
508	115
565	346
544	395
518	117
512	429
487	462
291	171
455	411
329	187
517	389
240	149
453	213
591	326
532	137
374	48
427	20
458	408
358	316
152	144
540	160
262	217
402	311
316	140
457	337
429	398
380	45
339	223
534	72
354	185
559	116
180	134
555	394
457	379
387	46
422	50
494	475
591	145
427	348
307	24
575	517
135	128
263	205
397	180
441	434
279	48
526	345
488	128
61	46
319	22
478	18
407	83
585	244
37	12
308	227
309	139
331	103
325	46
546	136
270	235
584	552
443	212
571	524
535	445
597	255
207	102
392	254
576	119
275	138
166	94
548	7
437	217
516	18
362	170
436	59
422	410
339	241
491	420
585	405
465	98
347	124
36	18
536	311
353	311
596	432
497	299
421	323
102	49
499	458
452	213
493	169
170	144
475	12
378	295
575	165
417	292
449	307
567	501
488	386
87	54
470	466
411	19
440	66
574	520
491	269
417	356
379	86
558	122
329	76
259	24
265	259
387	35
355	108
345	333
525	131
458	265
471	153
437	216
244	87
339	249
428	166
546	429
550	308
515	117
591	543
97	89
459	455
311	186
596	368
404	235
176	107
584	377
123	99
547	161
471	419
503	388
229	49
592	44
288	66
182	129
483	337
583	179
512	416
510	181
453	440
340	81
272	237
376	199
444	89
298	113
232	123
566	240
444	233
526	178
377	127
260	190
57	13
458	139
533	181
161	122
436	81
129	127
348	75
496	38
512	289
545	33
468	321
444	4
481	297
453	166
374	61
161	112
89	74
256	59
228	56
327	139
217	137
240	103
106	99
239	223
442	174
299	46
326	112
161	34
142	53
309	166
403	319
572	391
177	171
496	210
191	100
575	102
283	34
586	24
274	264
534	334
185	181
374	236
404	11
216	159
131	24
276	243
44	16
473	440
521	252
400	181
564	435
105	45
420	296
398	195
487	283
484	66
372	253
109	42
406	118
343	335
165	35
580	50
592	435
490	249
553	152
495	273
316	300
517	56
230	221
270	135
281	130
426	246
220	126
404	129
321	169
559	161
499	362
576	236
534	225
580	515
394	145
108	72
415	283
249	57
203	34
402	331
397	101
595	286
536	271
465	385
534	29
61	22
81	10
440	370
310	233
452	252
553	181
425	320
340	130
497	11
149	89
522	355
224	200
301	117
363	317
449	429
203	10
220	86
451	117
582	365
417	293
473	153
439	419
597	33
507	352
389	151
461	235
314	177
565	460
550	76
252	187
510	242
300	293
509	213
460	457
47	5
431	147
421	280
523	52
440	423
495	218
462	38
354	352
532	367
366	310
419	416
453	250
568	125
304	77
191	182
413	122
574	211
507	9
206	110
549	380
259	215
422	123
532	448
538	278
163	95
554	252
476	440
380	154
431	314
464	191
182	0
549	156
210	206
425	196
507	201
529	460
25	19
261	242
259	109
429	0
329	195
538	252
274	225
286	121
556	46
209	126
356	196
210	11
180	75
570	309
334	169
429	65
431	197
291	97
204	96
594	471
569	554
560	505
436	421
410	273
491	484
490	480
368	77
550	508
569	248
518	137
518	39
171	166
520	346
342	271
559	12
525	83
456	115
514	255
188	13
540	244
574	249
539	531
493	78
570	390
517	351
343	223
426	124
303	68
555	72
482	371
584	407
481	205
446	408
320	70
129	120
592	188
544	17
392	171
494	13
188	19
548	199
417	39
477	425
396	226
192	28
542	279
442	429
362	220
290	227
590	547
94	46
562	179
444	426
110	69
83	79
597	222
215	108
548	440
310	307
381	191
315	86
440	186
272	99
261	199
438	307
585	271
482	441
456	242
381	163
591	305
347	272
506	266
350	221
475	442
280	146
235	137
440	144
493	288
414	121
374	303
498	316
215	203
248	44
449	51
32	30
192	186
245	61
192	120
389	360
212	42
492	165
541	0
431	357
458	16
549	77
566	220
179	35
585	296
113	90
283	44
473	375
589	110
430	55
311	136
100	11
140	2
316	224
547	10
118	2
358	126
436	194
530	88
193	174
549	363
509	98
497	330
356	250
507	398
449	55
398	365
242	140
399	398
283	38
441	90
586	187
516	293
437	168
36	5
460	36
489	49
430	329
453	450
459	430
567	197
20	14
571	149
574	511
451	368
432	246
544	186
238	106
251	168
499	468
395	141
423	58
560	157
418	113
318	142
523	473
427	418
499	403
200	137
393	249
481	12
53	41
595	92
89	87
468	400
403	76
473	275
333	138
206	61
186	38
596	99
596	182
429	259
577	239
148	132
338	155
455	276
583	507
568	433
342	149
383	94
53	7
557	274
333	99
414	308
327	14
240	159
476	431
266	201
582	489
177	119
407	263
223	108
65	44
506	37
355	46
132	90
190	168
426	250
425	195
432	22
594	418
515	131
139	54
448	355
308	6
549	81
550	294
312	154
484	131
107	46
411	366
435	218
429	304
367	66
575	486
431	246
539	68
488	344
293	230
475	417
418	163
435	170
386	147
181	138
185	8
586	312
369	244
256	42
543	387
432	251
49	17
519	253
112	71
292	276
313	220
555	208
303	71
515	184
189	171
289	164
582	68
280	254
513	150
483	30
501	295
582	436
473	420
560	482
381	336
574	21
515	265
391	347
548	303
259	243
589	367
152	63
382	377
506	261
595	469
436	61
405	393
348	144
349	93
144	32
406	135
331	209
557	35
392	240
409	117
578	157
121	32
187	155
560	243
452	442
314	137
306	259
569	167
498	206
399	266
279	263
179	128
533	19
497	68
334	240
206	116
496	59
389	345
408	275
446	160
325	130
365	48
553	339
533	35
502	165
499	115
359	176
409	105
427	181
430	200
265	39
448	114
576	488
440	400
336	265
559	245
416	118
355	140
557	7
470	177
351	79
507	206
550	39
237	228
458	43
577	390
595	319
379	352
520	142
347	38
477	332
462	296
491	441
545	174
69	32
393	364
597	132
489	46
196	151
248	25
588	558
578	28
337	218
538	201
530	153
530	145
250	213
435	259
461	56
446	79
80	39
584	275
492	258
469	171
455	454
489	242
164	130
591	196
543	173
316	65
478	280
313	262
504	100
183	30
191	21
535	532
474	172
153	81
290	202
347	70
525	241
592	368
514	181
486	343
316	153
133	14
195	104
258	111
492	21
130	39
582	249
99	46
321	33
371	340
165	16
533	174
504	50
240	96
342	106
542	275
537	285
182	76
426	115
178	56
311	175
171	97
400	363
285	41
572	70
467	4
216	6
541	132
315	204
225	86
481	114
242	162
294	41
221	102
279	247
480	299
465	315
409	200
192	146
319	155
273	131
543	463
183	5
402	391
393	1
566	69
457	270
367	210
349	256
469	141
396	247
561	440
588	146
407	130
150	81
581	514
321	51
434	294
299	58
409	363
558	373
235	115
562	361
410	291
503	46
352	255
489	359
524	378
112	66
64	57
462	178
519	393
393	5
222	102
191	36
485	284
488	361
564	259
204	158
595	304
439	10
475	335
165	19
492	375
218	158
265	264
106	20
598	12
327	272
562	354
508	176
562	92
545	499
366	297
498	162
503	41
137	105
390	273
17	10
430	85
568	405
153	90
575	140
162	160
479	458
442	337
524	294
555	531
74	36
549	275
313	177
234	109
61	14
335	244
230	167
211	48
116	9
395	66
458	61
470	27
455	116
270	28
396	23
383	214
528	396
446	71
515	457
366	190
392	81
563	270
244	147
520	73
513	357
530	381
389	285
516	16
578	479
168	110
490	383
288	208
440	6
240	118
439	41
432	58
358	323
137	48
302	133
587	174
376	12
470	392
464	214
271	190
420	126
296	150
164	98
363	121
568	487
514	125
297	208
530	475
497	454
67	57
555	373
51	15
377	288
99	40
576	396
194	113
277	253
432	408
503	309
408	70
312	231
469	351
471	136
523	500
488	36
277	5
552	255
484	290
568	11
467	361
511	401
572	489
446	241
577	277
331	37
402	141
491	274
313	63
480	458
153	15
380	68
316	15
482	436
499	38
445	74
429	96
373	113
180	123
277	239
316	312
365	62
547	251
400	212
587	94
328	275
298	92
406	313
582	435
596	76
370	226
305	37
541	215
399	332
205	164
99	34
553	241
557	77
220	132
512	170
289	62
474	288
461	229
74	40
462	397
400	138
579	504
599	566
272	125
312	61
513	27
443	338
478	285
312	234
238	127
421	414
435	35
479	323
306	106
171	156
447	79
264	117
575	7
223	8
412	248
502	401
560	11
517	4
452	320
137	9
30	16
532	181
289	221
160	72
461	116
308	177
544	210
435	61
446	266
479	36
584	347
371	134
518	416
464	340
418	403
533	232
274	115
234	10
419	49
575	561
326	210
207	6
372	165
229	33
533	23
466	224
351	93
515	350
321	72
507	215
275	204
113	76
559	250
570	487
438	84
346	91
177	49
450	164
474	395
414	59
577	69
464	323
407	327
583	320
185	175
161	9
342	315
517	444
490	184
537	416
197	29
561	170
548	130
465	135
142	135
455	304
260	22
305	208
338	163
312	222
395	193
339	255
415	147
416	190
470	265
441	41
468	341
532	316
553	58
522	200
485	26
292	133
556	522
95	53
82	19
475	37
511	45
386	157
70	10
384	275
404	368
234	127
348	290
581	186
340	135
363	183
306	183
572	306
529	22
589	538
494	204
520	268
48	40
530	101
202	77
332	71
186	159
247	165
433	65
392	37
540	358
222	13
576	290
256	228
444	128
295	275
497	290
418	87
324	301
472	415
584	26
157	156
270	9
560	58
531	319
460	7
196	71
210	33
486	304
251	22
437	118
516	472
586	305
261	157
529	98
84	13
591	225
303	135
594	335
103	40
565	381
467	143
179	142
239	77
371	157
309	132
545	380
364	9
388	156
580	263
322	224
73	11
294	90
573	430
428	242
562	438
387	253
231	48
429	174
361	1
567	547
366	20
540	10
295	87
281	85
438	123
520	488
330	4
94	88
434	296
288	29
223	113
42	29
166	102
550	444
435	373
159	12
528	281
314	122
530	202
493	191
346	176
472	98
412	58
182	133
378	208
188	0
281	249
249	206
198	164
566	0
397	385
591	88
147	143
575	350
486	41
354	135
76	64
452	19
387	37
390	360
589	49
555	213
541	426
585	354
516	241
330	274
341	181
453	334
496	410
546	143
426	344
523	40
556	472
26	5
63	26
444	68
302	39
281	265
536	85
114	48
422	16
584	88
314	51
339	18
35	33
250	195
562	560
104	76
334	80
182	77
216	5
564	461
388	162
391	274
564	2
240	51
464	381
407	192
287	32
280	212
364	106
293	100
581	291
522	60
117	29
509	496
317	117
333	15
490	240
529	201
546	359
166	45
488	82
211	189
572	58
296	131
397	262
544	299
298	36
202	194
508	318
47	11
526	158
487	208
569	344
556	444
470	450
341	264
579	67
551	51
496	380
481	259
332	1
458	409
321	44
203	137
267	244
120	85
584	371
235	119
489	72
191	175
264	192
263	85
238	98
160	99
378	292
539	196
143	67
500	152
505	113
412	318
535	81
436	86
251	141
589	224
399	229
537	252
369	78
176	116
261	198
487	63
353	18
321	32
447	437
466	189
578	482
426	116
464	231
91	55
383	153
430	3
540	478
323	35
292	190
558	529
161	93
479	201
590	480
454	322
508	423
572	52
433	7
173	32
137	78
552	448
459	175
342	139
267	186
103	3
448	429
340	158
302	283
95	37
124	97
464	79
149	93
457	123
237	142
245	28
429	315
599	24
213	49
480	24
393	86
551	217
563	371
171	59
445	201
171	170
513	113
449	99
385	80
598	218
449	390
208	143
594	93
530	102
591	585
320	253
358	134
331	263
216	66
498	327
563	389
479	285
350	248
568	139
330	164
401	174
571	397
510	8
469	279
549	140
75	60
542	35
577	501
384	276
508	482
59	21
325	311
517	180
559	45
458	290
431	7
285	123
475	201
471	299
390	226
457	268
245	144
526	421
182	39
537	408
328	266
380	199
415	204
372	73
456	176
89	48
202	166
517	8
518	281
183	14
578	513
352	216
552	463
265	135
535	306
442	325
221	130
551	208
561	149
345	136
320	57
573	527
236	30
510	465
405	181
367	278
398	397
588	422
515	262
180	113
565	282
345	215
551	365
481	75
520	380
163	86
442	439
549	278
484	51
302	149
557	258
432	293
380	339
118	75
411	214
422	58
349	183
259	31
524	219
194	5
364	331
520	336
197	42
228	20
194	138
586	205
253	250
48	31
565	307
527	457
470	335
537	465
389	203
533	88
485	35
534	186
497	490
554	161
374	260
595	174
465	130
467	221
472	117
550	321
555	101
141	79
274	164
296	249
414	73
410	107
332	214
455	64
382	275
581	550
252	90
352	68
157	126
326	141
315	91
66	58
556	175
302	253
122	59
90	8
228	201
340	171
370	215
182	145
524	70
578	82
282	146
267	165
550	140
440	268
342	137
132	18
85	81
282	192
526	358
181	35
290	121
569	223
415	5
247	217
401	264
168	78
281	152
498	198
358	349
456	317
392	304
597	195
353	81
507	324
448	337
382	324
202	78
301	127
546	492
352	80
424	347
490	168
587	5
490	440
442	315
266	214
171	133
391	219
442	298
555	186
592	507
206	178
526	86
153	10
416	303
396	133
514	309
480	279
485	215
131	9
382	180
398	255
484	464
527	298
539	218
173	94
462	339
127	120
144	71
534	453
430	12
554	377
490	182
286	283
518	449
37	15
414	177
361	168
523	173
449	104
544	540
357	321
519	38
24	5
121	81
425	58
329	12
300	224
441	347
210	128
312	62
457	246
467	11
526	201
153	75
415	149
375	155
303	183
313	187
111	64
433	226
550	318
529	461
409	292
405	106
144	42
345	218
544	310
341	92
267	144
333	52
417	271
412	292
370	98
553	281
200	166
461	271
98	92
454	273
487	166
462	336
438	218
422	332
533	334
229	201
474	292
232	103
433	95
577	559
384	130
278	273
575	402
536	21
246	96
313	254
370	212
185	120
101	63
406	194
254	95
342	71
401	70
349	213
546	533
184	74
315	244
491	217
188	156
588	339
510	52
252	120
490	11
508	449
184	82
596	564
141	5
407	154
298	196
403	331
274	111
557	398
474	128
405	50
510	91
364	77
438	408
445	376
285	152
564	456
345	16
236	205
562	551
371	98
378	317
374	360
513	35
585	559
409	231
459	129
384	255
473	238
517	275
289	88
567	161
337	125
266	21
351	133
264	163
449	211
577	154
537	49
255	171
282	79
537	120
127	36
396	198
385	61
575	120
352	230
566	434
496	293
125	31
577	137
480	243
347	92
520	199
525	69
553	199
583	196
173	117
432	284
464	94
358	139
365	286
322	239
333	295
246	83
596	474
414	287
406	198
170	148
479	33
429	294
187	134
553	518
122	22
288	114
114	71
546	224
315	232
578	281
545	456
520	507
539	440
486	410
218	145
592	191
413	394
44	17
453	154
324	310
350	120
413	337
484	183
315	269
80	68
541	56
544	349
536	392
343	17
380	28
480	326
240	0
363	93
563	273
483	210
512	75
594	396
342	44
571	365
227	45
368	222
474	200
592	218
490	127
576	246
410	352
276	130
534	287
323	263
227	118
219	76
424	410
296	75
558	235
586	479
519	259
315	209
512	97
494	410
322	289
497	134
468	92
150	99
418	111
498	45
582	411
347	75
494	439
334	313
371	118
488	284
149	58
541	286
209	60
584	339
368	221
452	255
370	167
59	20
451	5
65	61
563	173
405	28
480	165
52	49
115	109
473	357
526	411
425	393
238	222
419	8
432	114
459	67
495	458
534	530
388	221
534	521
477	274
478	274
108	50
155	136
398	370
386	190
441	340
455	257
415	63
432	275
204	144
213	8
114	35
249	90
542	475
371	136
362	342
386	161
235	25
443	70
459	214
269	101
219	208
301	84
411	324
508	95
484	242
553	520
430	321
547	115
595	36
109	88
420	339
170	122
555	91
546	491
462	10
480	478
122	88
227	1
554	380
536	154
575	254
422	3
129	92
260	75
244	3
304	62
465	225
281	266
383	262
598	119
542	458
328	284
555	302
520	71
396	270
598	192
440	236
574	181
475	17
390	243
404	119
440	59
545	396
345	78
239	120
550	347
206	11
225	106
561	59
416	292
525	374
504	244
275	167
451	316
211	23
249	67
280	233
541	119
584	18
551	386
540	212
443	365
504	167
572	28
421	200
554	56
311	38
410	320
538	184
251	133
585	289
239	104
372	102
309	284
89	47
521	267
129	6
477	170
376	229
482	189
219	36
432	239
315	308
477	194
376	89
399	352
530	158
167	6
189	114
197	75
327	321
509	228
237	223
558	299
560	488
403	262
481	428
294	218
479	461
140	42
591	229
149	107
445	54
570	48
516	420
399	196
449	29
540	288
335	279
323	170
573	136
341	82
227	223
540	39
531	527
586	417
406	17
539	114
211	170
462	246
365	315
86	4
522	125
530	500
110	25
528	282
252	35
367	23
129	26
260	0
486	453
219	193
223	21
245	76
527	37
497	221
472	255
348	23
365	337
76	48
582	112
393	131
433	326
462	389
169	144
310	158
292	52
550	533
275	78
474	33
390	130
344	131
169	43
557	389
452	206
590	238
520	42
133	68
575	418
454	92
289	267
236	21
189	42
360	58
248	13
287	54
279	262
498	479
592	454
471	438
65	18
542	261
440	215
533	325
376	190
252	44
350	97
439	163
599	492
517	500
515	494
288	132
426	89
396	316
146	35
359	271
315	257
413	203
398	225
510	469
420	328
548	536
269	3
284	72
213	201
353	221
379	2
347	223
447	375
169	156
423	212
586	236
383	333
425	2
199	168
257	193
505	132
257	59
299	242
269	172
297	46
337	330
371	86
584	266
418	390
439	111
498	101
225	27
146	88
244	25
575	98
95	5
293	189
497	487
425	212
149	52
463	93
261	75
473	106
366	182
386	16
579	549
486	272
276	227
460	292
368	38
545	221
552	545
433	156
369	55
532	320
564	418
435	329
463	163
472	91
349	234
516	5
434	38
243	212
433	291
202	172
454	165
213	78
285	219
221	178
194	104
187	67
340	230
331	279
311	309
245	81
540	375
39	27
565	331
351	217
346	114
131	83
142	75
423	18
300	195
536	282
470	352
280	112
286	75
360	83
50	27
509	456
470	383
366	126
552	36
339	289
393	68
378	32
553	318
565	339
371	158
164	21
373	95
351	6
557	194
97	49
327	86
289	129
518	319
384	317
381	378
476	419
231	228
463	446
473	161
565	80
483	76
463	14
567	167
419	365
565	337
579	243
154	17
341	240
481	367
340	33
293	78
449	186
169	53
488	449
286	42
400	18
350	199
357	98
526	55
599	590
362	72
555	429
401	74
412	319
480	71
392	378
523	318
581	258
476	185
516	248
221	55
390	48
399	261
204	109
135	31
475	469
410	219
123	64
60	7
318	216
351	315
443	108
468	375
505	386
407	317
342	321
392	381
451	228
415	128
286	246
319	160
544	350
485	138
592	418
311	211
494	166
155	128
200	6
576	534
528	146
435	288
525	373
277	86
551	23
203	49
592	452
519	32
365	196
385	129
131	74
459	34
476	74
62	49
554	201
389	325
315	256
562	483
262	118
371	173
162	141
297	150
378	26
552	302
463	195
50	40
477	100
353	10
589	96
477	467
230	224
327	111
485	219
160	35
599	491
336	212
554	270
433	51
366	222
521	436
350	192
112	39
354	225
326	214
274	150
518	351
414	349
539	63
529	106
581	130
569	265
505	34
556	2
526	169
340	38
467	86
135	118
282	105
419	166
581	171
564	221
526	269
70	14
518	482
580	37
501	486
420	30
448	271
152	123
442	226
449	437
85	67
507	390
567	314
231	39
265	26
442	388
598	596
455	2
214	14
361	20
505	185
571	431
346	89
365	214
525	275
191	66
153	132
294	54
262	151
390	284
486	465
572	367
598	85
584	444
598	572
531	7
553	137
369	281
267	64
408	398
450	38
446	276
359	183
469	341
221	104
295	68
526	513
545	538
475	131
292	121
292	253
339	229
592	137
411	7
358	58
563	97
209	134
486	99
560	174
182	156
597	595
318	16
591	125
586	487
504	203
559	100
387	115
530	244
513	264
286	39
590	72
452	236
233	53
315	311
310	112
438	313
100	92
368	97
425	154
452	366
461	181
146	41
392	180
423	126
571	69
367	89
522	198
180	17
244	132
449	103
250	218
327	251
487	260
447	287
486	229
494	427
290	241
266	153
359	177
523	397
351	151
271	58
542	112
405	272
267	63
541	302
348	310
539	160
573	491
188	15
579	428
321	257
441	120
367	17
328	13
182	74
267	69
438	103
128	32
337	40
369	243
383	306
508	404
400	194
126	73
255	77
597	579
452	316
368	206
577	264
520	85
569	325
585	352
348	160
390	118
572	194
531	304
560	369
134	7
207	19
417	341
551	161
560	299
245	27
586	66
57	34
323	264
329	205
478	438
161	54
334	286
78	29
253	67
503	493
243	223
479	361
416	67
523	96
241	182
481	19
529	257
521	140
591	483
161	119
370	117
420	352
526	506
577	145
38	7
596	519
554	177
331	74
351	216
289	103
470	388
474	463
460	372
255	70
256	160
415	79
371	95
470	266
588	296
222	190
479	410
183	67
260	59
508	383
292	208
499	121
525	279
346	303
311	262
385	44
567	350
182	152
498	368
550	314
565	229
530	231
405	381
531	234
575	187
589	274
234	33
314	277
505	84
393	342
577	309
331	208
421	275
227	30
598	305
367	55
411	396
108	11
287	173
460	224
574	313
552	426
516	179
427	202
415	152
500	61
525	470
550	311
282	46
492	449
447	364
326	29
405	266
482	166
505	143
565	379
519	137
171	158
549	99
452	170
370	298
126	2
356	216
407	267
506	105
533	289
48	34
262	212
389	346
470	105
229	223
309	69
208	44
579	294
320	147
303	285
576	187
528	221
478	398
231	65
438	374
433	46
541	211
190	182
403	368
460	375
570	227
391	292
266	262
489	429
456	297
252	85
462	229
97	95
540	477
270	244
65	37
459	320
580	224
349	30
477	91
544	285
196	171
411	90
585	8
576	476
268	100
537	50
352	117
386	149
394	368
426	163
532	54
571	477
541	178
252	235
315	23
535	337
535	156
520	307
496	466
362	232
442	433
192	92
599	377
332	21
399	167
265	21
351	303
124	111
463	346
383	74
390	205
592	303
497	351
311	310
191	178
361	332
425	44
359	161
575	470
258	87
403	72
258	199
287	93
491	253
560	272
482	4
303	294
532	507
500	262
511	480
556	496
532	343
473	193
596	204
590	195
412	360
495	389
488	350
549	243
479	197
209	179
304	227
575	226
4	0
402	130
224	64
574	484
483	167
463	101
419	222
543	419
344	135
599	151
552	323
156	129
245	8
126	75
386	64
353	270
575	467
593	184
399	271
579	16
520	352
577	213
537	345
334	69
569	166
348	233
344	269
499	53
494	32
360	1
593	532
464	328
505	352
480	209
108	63
145	124
116	66
418	249
534	318
582	24
566	10
560	559
479	286
573	457
394	109
399	387
184	138
148	136
373	311
361	175
328	212
307	167
505	188
381	85
328	159
543	259
558	545
577	274
507	448
379	331
529	484
302	151
387	344
582	240
582	345
529	289
417	221
531	358
521	37
141	94
536	397
503	137
303	25
530	224
590	145
595	501
325	17
350	73
456	392
462	218
510	152
443	163
554	342
540	176
386	50
467	256
540	310
272	247
157	61
475	270
207	196
361	212
464	320
483	58
594	525
332	207
353	234
412	155
148	7
72	26
210	12
201	23
30	20
464	96
452	179
207	133
526	311
293	94
517	420
385	87
441	149
190	161
388	365
409	54
460	194
127	126
498	365
396	178
411	106
549	338
465	237
543	391
298	43
502	473
372	201
379	308
270	47
450	152
284	252
460	402
387	70
212	32
385	27
534	267
446	151
128	29
504	333
533	327
162	72
435	238
434	272
163	112
380	209
192	125
338	298
509	77
458	136
517	488
434	189
460	118
207	105
280	219
319	11
212	74
558	406
467	197
560	492
380	177
389	380
533	11
487	383
254	152
504	456
179	53
566	64
473	411
439	75
247	218
548	321
248	76
357	2
539	209
576	251
386	191
213	199
78	14
590	75
443	440
562	328
534	271
482	75
582	291
450	382
434	47
285	45
574	9
559	369
479	331
362	301
531	118
392	343
438	332
472	320
355	327
540	447
386	139
401	79
262	38
548	328
483	410
558	547
321	315
547	527
181	101
438	129
334	98
586	375
401	120
592	103
535	366
214	64
564	176
487	288
190	56
561	129
523	185
390	100
551	389
178	14
465	177
215	213
105	32
581	167
583	36
552	307
565	470
268	134
126	28
74	53
231	197
366	129
408	161
315	121
341	15
538	282
594	155
72	8
180	22
499	368
526	43
592	91
592	444
548	11
484	470
406	215
401	33
400	61
512	421
445	102
295	179
588	472
401	291
371	109
514	269
261	133
508	276
412	250
578	382
245	71
577	384
307	111
431	91
299	57
479	330
325	234
333	322
309	236
98	22
555	486
358	233
437	114
589	339
488	100
581	263
285	217
558	423
431	14
599	326
508	295
373	272
172	165
475	234
276	87
592	272
337	180
258	185
384	210
547	405
483	471
187	108
418	277
581	350
444	176
309	53
579	329
535	422
413	99
579	198
289	31
381	353
356	309
461	85
355	100
399	145
472	380
389	229
20	7
510	453
185	37
484	413
456	83
536	371
171	81
266	38
406	258
307	72
580	429
417	296
423	55
497	184
540	307
388	187
544	147
543	168
306	160
205	84
493	150
412	68
182	13
425	116
462	71
175	142
497	476
128	57
525	208
505	70
68	43
538	361
108	93
427	64
481	79
445	177
423	12
576	459
577	540
117	53
502	61
496	40
399	368
235	100
567	102
300	190
401	94
588	576
37	4
494	0
208	114
538	503
368	254
596	298
431	71
242	240
337	65
553	128
511	25
470	7
548	58
397	55
560	184
517	23
476	474
274	63
208	175
411	20
384	149
107	30
465	184
574	363
450	363
366	99
446	46
597	210
219	33
221	212
454	232
583	334
144	27
232	1
388	348
577	29
477	145
540	227
537	531
188	60
573	241
584	159
537	208
460	316
571	413
216	80
314	5
537	90
520	13
382	371
319	60
487	253
577	287
412	223
553	420
235	78
337	17
343	322
498	489
116	7
539	169
578	294
226	158
599	55
370	137
577	27
204	134
350	277
560	351
585	415
586	232
407	121
550	174
132	42
463	139
548	446
249	0
51	3
248	220
136	27
338	186
575	244
420	242
402	105
307	216
485	115
449	359
595	417
364	188
545	15
438	212
528	127
234	126
398	67
457	415
476	346
524	340
168	115
539	19
560	170
524	399
85	11
267	37
464	92
204	124
420	417
472	151
410	253
508	207
358	251
283	116
490	300
135	126
504	32
536	99
168	147
396	245
571	538
485	151
405	17
277	147
392	228
445	398
511	230
468	140
556	144
311	229
453	148
548	497
448	230
543	106
410	124
374	171
340	231
345	254
289	213
510	13
573	425
505	378
326	256
580	344
568	99
530	187
212	54
89	75
530	21
513	345
299	256
450	332
277	76
369	178
85	0
543	397
417	382
445	159
581	374
532	355
351	31
414	12
515	191
479	154
376	87
253	227
64	17
575	271
241	42
109	32
555	340
489	248
101	15
562	214
415	47
285	224
429	305
180	23
114	29
549	347
102	92
341	243
536	317
451	252
401	357
591	238
225	223
511	95
234	191
269	29
295	152
542	412
499	382
499	232
564	548
493	14
278	50
93	67
563	189
219	149
276	232
534	293
386	27
515	219
449	421
516	151
379	224
61	52
443	289
452	47
221	26
340	244
275	71
391	368
236	151
468	87
148	15
527	273
178	13
246	228
487	406
412	240
272	164
340	139
439	47
249	146
125	105
357	216
534	413
586	64
269	114
251	70
533	481
561	371
301	58
146	129
398	134
234	100
296	271
596	125
496	175
500	389
511	478
497	127
306	105
419	184
410	216
585	104
169	65
430	177
75	30
116	61
372	100
493	65
372	314
512	446
370	229
384	232
326	162
498	132
263	253
432	344
399	88
538	96
200	128
331	175
328	291
362	202
440	387
316	263
88	70
405	107
422	52
478	350
414	298
331	280
388	246
308	296
579	100
525	300
233	225
413	159
592	37
524	459
499	269
439	99
533	293
164	60
296	205
470	194
282	170
545	166
497	333
401	6
509	287
226	115
316	163
572	456
410	115
229	215
529	312
392	1
278	133
375	366
231	171
259	63
338	76
214	129
421	338
536	208
567	528
400	235
370	183
591	28
398	97
535	380
504	440
550	137
357	80
242	93
162	3
554	483
406	117
583	392
573	381
493	166
541	509
245	154
523	367
344	43
68	37
137	40
123	7
554	199
576	89
225	218
547	267
333	60
353	118
227	90
323	166
471	373
313	12
447	27
497	228
352	85
188	171
487	255
145	34
338	159
567	206
422	10
333	71
334	94
314	90
535	305
326	197
165	8
567	491
473	277
578	576
231	26
476	5
229	174
309	121
250	242
570	535
391	24
430	314
217	70
418	304
44	15
447	405
439	268
449	335
496	362
509	461
399	256
554	396
564	33
164	158
360	186
534	276
356	104
401	188
467	411
140	67
535	416
465	210
460	369
376	292
133	113
471	304
129	5
487	165
596	188
506	155
366	134
332	289
279	116
434	293
218	23
546	70
570	167
579	311
383	196
504	202
540	96
168	49
596	572
552	251
310	119
487	99
176	54
559	192
230	55
387	91
484	126
527	53
327	211
484	215
345	131
50	26
451	167
198	2
574	104
320	241
490	478
222	139
574	222
469	396
386	172
442	89
542	131
592	421
465	74
553	335
300	97
595	508
342	123
593	296
319	235
449	286
540	461
554	361
493	281
514	472
388	123
526	301
320	33
428	50
407	187
514	226
481	452
516	59
85	53
177	147
505	220
456	113
208	144
427	217
302	38
529	350
546	525
387	104
581	490
318	199
166	76
536	428
291	48
387	242
424	396
493	105
97	4
223	203
384	183
406	370
267	152
153	113
487	410
567	449
456	103
404	357
246	25
563	254
524	243
562	0
89	83
580	67
193	14
556	39
287	269
473	346
363	361
349	51
446	0
441	95
593	512
573	290
572	98
560	23
327	136
577	332
279	97
125	114
554	395
554	336
551	144
475	155
467	395
198	71
342	272
180	93
536	288
479	145
262	178
424	38
322	111
362	97
479	375
212	113
259	90
163	99
405	385
498	207
594	346
76	27
248	120
572	147
457	156
298	266
528	238
471	391
565	537
465	45
86	42
509	239
442	96
86	41
260	181
238	197
529	307
156	78
553	396
373	120
490	10
320	272
510	501
538	251
597	50
340	247
288	135
409	157
149	115
139	57
355	293
554	160
229	12
350	293
449	123
579	73
516	303
573	66
538	312
306	286
586	285
524	54
473	199
131	49
357	134
256	199
181	4
369	23
478	456
576	496
92	28
297	248
395	83
496	257
378	137
581	22
475	318
500	305
278	67
422	414
462	141
462	419
495	438
520	248
65	63
465	290
511	152
167	144
553	357
375	160
232	99
316	182
486	281
578	248
192	117
311	21
459	260
426	200
67	55
502	182
596	388
394	188
331	196
438	431
594	381
125	50
375	348
475	471
319	124
576	180
433	122
136	126
206	41
467	257
453	297
414	183
529	518
469	256
527	206
548	481
560	530
581	364
417	176
502	100
173	5
528	465
274	0
434	419
367	287
528	222
466	41
442	387
366	209
311	293
159	35
447	142
339	267
546	190
327	297
584	207
565	542
477	79
545	491
541	90
548	203
474	330
560	31
465	337
434	18
433	276
526	202
481	87
232	121
427	41
92	8
501	359
559	71
498	227
296	277
152	119
480	306
432	115
325	135
173	152
251	32
532	231
410	18
276	90
523	520
305	290
421	141
434	111
390	80
486	293
398	334
544	15
306	239
559	386
109	48
592	73
535	516
279	81
494	146
420	357
208	108
371	262
249	105
371	267
575	150
184	156
510	173
463	303
278	174
292	37
584	535
116	31
551	117
506	199
427	80
340	144
198	96
540	527
392	158
586	225
382	108
420	131
394	248
151	66
368	303
450	105
431	10
409	162
390	146
439	152
255	90
449	422
215	181
224	66
155	82
27	22
251	135
582	312
516	483
453	19
514	440
556	64
502	169
559	368
337	269
391	48
499	345
135	10
211	57
572	136
536	77
384	83
331	215
351	98
241	183
272	94
396	53
300	285
448	320
484	41
66	11
270	99
408	33
530	118
540	435
484	317
125	78
465	106
182	117
545	448
292	70
465	190
392	250
229	122
288	7
227	83
228	48
356	323
354	346
498	43
354	20
317	280
306	261
100	46
365	141
456	66
447	268
551	536
490	299
493	8
376	122
584	483
286	97
81	59
195	124
494	117
310	125
263	21
234	190
410	12
124	72
271	245
589	455
442	132
254	228
470	26
512	351
282	57
493	51
528	306
457	195
582	16
338	136
311	132
535	275
232	76
588	198
596	427
243	100
429	40
182	137
456	350
531	507
540	529
420	407
358	214
409	158
516	154
392	355
487	248
384	213
329	5
254	123
551	97
547	49
304	224
540	416
360	133
577	294
333	121
281	206
562	278
436	268
330	21
528	143
326	195
126	21
481	318
489	488
248	4
566	510
509	236
526	141
266	210
262	209
355	112
427	134
172	15
527	284
557	28
269	133
328	192
167	113
564	422
338	217
338	207
355	106
120	32
572	90
252	197
395	79
285	213
217	76
144	15
418	232
192	127
493	490
398	167
532	56
362	266
389	307
354	118
300	71
590	12
257	204
174	134
232	178
386	291
119	80
484	393
157	70
53	50
420	174
476	14
483	324
354	289
326	46
422	418
481	278
458	289
558	32
558	169
450	43
526	490
457	310
494	79
225	216
448	258
457	290
90	40
429	285
593	14
394	171
318	300
65	19
498	92
578	433
449	179
328	281
429	345
455	341
375	48
532	451
205	56
461	288
570	170
459	192
119	41
503	368
197	85
492	86
445	211
436	212
205	130
289	108
441	423
136	128
316	128
595	14
518	219
381	20
375	19
123	92
357	146
449	323
367	54
413	60
214	192
40	38
245	2
343	268
144	75
497	90
450	229
502	373
310	31
471	141
124	91
327	162
450	111
561	315
251	124
590	440
149	105
531	205
522	159
557	327
574	143
490	27
467	192
537	181
481	192
449	299
109	16
528	219
529	523
551	212
560	486
516	205
489	139
261	206
187	157
431	376
486	255
560	263
558	233
275	61
376	91
246	211
320	128
561	33
409	146
567	381
388	323
558	430
480	63
513	247
341	180
330	193
443	23
548	467
352	298
230	157
187	139
168	16
537	216
272	116
160	16
312	104
262	202
328	150
533	459
507	140
498	254
386	92
466	249
462	396
465	91
400	388
509	157
369	333
492	47
159	80
490	418
469	411
418	161
356	246
507	366
324	21
486	268
380	357
222	40
479	376
430	309
294	163
243	233
73	24
321	153
333	315
242	113
223	209
495	395
551	341
582	476
563	58
581	231
557	87
376	121
536	316
339	271
166	92
496	134
316	172
234	31
592	394
422	117
108	81
378	346
476	443
460	111
162	77
345	75
528	51
513	368
367	35
241	137
593	44
569	268
523	157
323	288
507	386
492	107
501	460
529	519
512	330
489	7
500	430
172	102
372	212
249	112
509	136
492	217
186	27
402	12
580	563
382	235
526	164
596	359
237	133
341	232
247	181
437	199
396	130
528	236
379	362
468	419
443	363
434	412
304	71
538	174
540	187
186	125
584	399
233	215
512	388
423	148
279	33
261	71
416	152
530	457
477	410
495	29
267	237
528	274
459	150
221	109
498	51
580	304
300	237
416	154
249	174
380	170
438	379
552	481
565	124
402	31
532	306
441	39
342	12
180	176
357	101
266	129
531	159
365	216
591	484
385	242
413	178
298	109
302	13
357	285
496	120
376	119
67	29
170	27
562	324
244	192
505	290
363	203
479	325
557	172
483	416
449	229
91	33
140	80
318	266
594	363
416	258
334	132
564	275
204	183
494	42
478	195
83	34
322	22
581	136
521	14
396	344
513	350
540	450
381	64
389	213
192	173
512	195
519	326
554	3
176	85
471	12
312	70
243	32
389	306
309	99
320	278
370	68
483	248
547	42
386	346
423	320
540	504
433	31
259	217
517	202
369	269
540	347
562	339
432	107
271	143
244	128
444	40
210	104
461	135
248	64
503	12
584	413
282	153
582	529
409	172
135	53
333	256
543	72
563	311
556	425
360	47
599	396
572	78
501	395
399	224
568	48
269	36
159	139
153	7
365	185
388	329
377	328
143	16
535	409
443	95
550	227
254	208
99	65
438	336
594	504
233	36
402	146
295	284
279	22
560	236
479	471
528	411
580	124
556	109
511	453
232	140
470	3
436	53
572	262
111	15
88	51
514	157
230	137
153	62
280	217
570	411
483	159
539	45
246	29
574	16
471	97
537	467
527	500
531	344
462	31
556	292
417	328
194	192
443	15
511	171
207	109
167	39
399	291
560	506
525	81
276	95
390	1
590	262
230	5
211	162
375	94
380	185
596	471
399	160
573	20
203	136
524	36
325	75
325	38
590	476
301	215
178	177
323	280
596	550
289	54
140	52
438	347
465	95
533	229
452	244
293	212
443	164
492	467
553	310
549	48
202	29
194	2
286	175
182	53
558	452
240	109
260	36
317	78
251	209
278	217
304	130
524	343
508	180
477	348
567	67
331	195
368	349
436	408
418	307
555	146
538	131
383	58
547	51
400	122
398	178
233	183
593	3
186	50
471	440
562	89
423	201
464	167
89	39
423	390
575	443
489	439
116	39
554	58
261	156
104	15
391	228
495	229
552	446
587	435
159	45
322	136
506	239
390	366
438	81
386	37
598	582
356	51
533	529
330	48
546	407
537	5
541	538
453	305
388	362
567	555
258	14
224	27
385	10
373	248
550	302
576	113
279	44
522	69
262	48
35	4
520	332
429	372
253	211
416	355
242	157
508	172
157	38
189	181
262	149
318	269
395	322
590	570
583	419
549	308
148	41
599	7
577	555
592	384
458	406
590	91
450	197
131	114
231	177
399	365
585	278
394	193
422	6
274	132
431	256
381	45
215	36
298	216
567	245
345	173
347	146
517	129
295	198
369	240
550	117
551	302
542	388
415	400
358	281
516	331
249	99
326	132
562	209
376	284
503	200
129	34
594	351
530	456
463	390
588	257
544	454
396	50
458	42
220	131
577	192
389	80
530	146
551	81
161	86
448	12
537	203
122	112
442	205
514	488
179	107
287	241
486	392
234	228
590	104
404	0
545	40
591	118
528	88
433	170
538	243
562	402
241	82
400	392
454	13
497	417
584	451
423	100
279	260
40	5
199	65
477	22
553	185
293	210
81	66
410	62
207	166
444	355
505	490
387	291
218	198
269	145
395	20
395	37
482	114
582	216
581	359
315	270
497	123
275	68
274	177
545	22
422	97
145	115
263	176
475	224
573	154
377	108
303	251
179	103
506	175
459	154
275	14
457	204
423	222
542	399
401	165
384	298
271	154
513	340
323	139
475	322
546	93
155	67
191	94
178	147
589	240
404	380
461	98
336	83
272	187
393	56
29	24
447	276
512	149
412	352
163	64
523	305
405	370
389	349
216	100
301	89
483	175
584	271
554	281
457	37
498	407
561	48
510	98
501	135
217	149
501	479
143	83
232	102
485	140
