398	89
560	321
448	316
717	708
607	432
353	105
833	483
344	57
808	685
189	118
795	249
797	195
668	450
106	98
599	527
693	473
652	64
446	266
846	128
642	377
816	352
680	107
389	81
799	501
631	581
739	562
894	822
563	439
353	347
886	35
310	8
500	363
641	411
650	456
429	112
647	608
574	207
533	531
494	244
770	489
778	554
386	272
724	577
458	40
844	828
536	470
894	507
715	245
819	690
553	280
712	280
678	332
736	488
409	175
786	637
676	186
882	517
458	220
281	211
247	5
596	25
881	52
280	95
674	8
647	367
444	316
439	15
360	352
337	169
602	366
331	167
475	100
671	376
561	482
839	143
476	313
593	198
854	95
311	285
484	61
721	707
835	53
646	376
713	47
866	109
850	127
879	617
172	135
632	81
723	415
222	204
557	127
81	17
659	277
750	672
780	10
770	159
888	469
133	93
810	234
482	166
734	468
361	204
669	583
814	181
288	166
256	238
484	258
487	233
822	686
879	857
474	377
131	51
897	697
820	392
859	238
806	616
511	273
616	150
779	591
509	171
688	195
508	386
744	206
288	35
705	273
875	667
600	10
883	551
774	218
612	86
684	590
610	487
649	149
482	401
883	839
878	679
647	577
249	192
867	57
766	322
297	6
891	211
133	57
696	47
509	103
899	200
494	474
867	595
611	323
747	478
880	788
695	438
632	15
747	607
709	42
194	191
623	315
409	49
145	18
874	375
171	70
858	463
844	808
480	390
716	456
472	88
670	442
585	50
561	103
621	184
292	244
877	448
472	258
894	7
402	291
791	403
746	398
300	209
641	23
528	525
233	38
464	335
600	208
261	227
878	772
844	614
272	1
285	189
750	435
352	78
301	228
202	156
711	32
654	262
95	75
827	625
755	340
265	216
288	73
752	51
858	364
409	11
456	379
565	510
855	436
302	83
834	314
575	142
764	471
892	717
332	62
807	283
314	232
263	55
345	157
896	549
430	331
738	448
562	554
707	231
533	169
60	31
713	348
346	273
384	63
743	655
433	342
613	98
608	395
787	664
624	240
785	258
637	130
500	350
769	752
711	329
720	671
193	126
796	498
383	295
317	4
547	269
798	549
721	697
385	123
799	560
293	231
797	221
523	439
713	377
111	29
780	681
791	214
844	416
385	209
860	103
500	129
393	261
496	468
479	276
880	607
739	32
569	192
592	557
727	87
353	338
851	664
882	530
628	470
264	40
554	394
820	136
799	453
861	58
411	193
823	85
760	455
98	73
871	146
729	491
887	357
800	527
452	260
780	102
802	153
745	20
812	49
322	232
605	7
228	64
619	116
586	388
759	245
291	167
753	308
694	602
819	511
691	684
662	455
863	717
719	651
297	109
301	8
488	9
131	68
892	584
836	432
786	261
33	6
535	3
878	621
478	321
75	22
681	41
639	347
714	562
445	132
804	299
532	110
694	398
822	567
879	584
663	165
412	151
776	257
874	494
886	16
618	131
520	94
548	311
634	429
894	156
190	48
399	319
539	384
338	232
754	472
763	496
666	322
609	583
742	25
596	88
402	366
749	690
387	34
490	392
337	31
783	545
868	555
789	266
725	628
543	303
550	108
822	472
412	367
882	696
457	260
839	150
365	163
608	454
792	440
768	706
552	116
785	424
611	429
423	360
481	264
867	186
642	404
778	265
795	172
808	183
344	13
577	202
360	199
239	231
866	537
588	118
385	44
756	217
888	865
467	114
486	225
814	709
375	103
736	669
894	387
868	64
371	352
724	256
647	80
840	737
260	133
591	474
813	49
850	812
847	12
842	479
650	343
843	564
357	174
744	734
479	13
39	32
634	302
805	283
301	161
628	462
890	425
827	390
896	211
380	109
490	348
80	39
435	310
374	41
849	194
610	349
264	131
629	259
711	407
260	106
858	574
294	174
327	20
478	154
429	296
640	601
234	104
507	503
455	66
747	323
324	51
394	159
814	171
421	180
56	47
715	654
548	5
877	132
514	200
341	55
355	104
881	197
578	377
721	285
151	70
798	516
887	314
717	381
502	377
603	593
374	196
346	95
706	275
789	490
140	15
670	555
405	151
499	46
510	321
362	70
765	697
597	239
424	380
444	412
579	205
502	80
486	159
340	271
570	304
897	38
356	321
392	15
787	443
618	137
372	123
650	505
217	57
505	83
233	36
801	667
813	536
190	33
786	635
456	434
725	454
538	118
649	599
535	122
562	285
684	234
557	34
587	527
776	469
791	669
616	12
778	722
510	142
528	222
149	122
890	576
876	558
561	489
847	70
762	646
889	324
629	177
644	134
65	29
755	241
277	42
546	342
771	525
849	616
422	308
558	132
192	79
765	175
543	438
204	69
894	324
354	29
768	490
550	287
691	532
243	95
558	162
697	210
271	67
525	378
767	705
765	225
391	199
414	357
307	196
875	807
257	100
342	149
835	515
484	219
701	573
364	74
862	430
872	167
613	135
788	754
701	610
583	300
406	201
566	63
744	275
654	627
771	153
891	457
237	106
873	859
478	164
648	41
482	2
454	400
819	12
637	504
713	588
175	159
549	104
313	304
867	821
177	95
296	86
786	172
494	451
803	194
548	6
861	303
607	468
731	38
476	107
214	24
847	495
329	286
731	475
747	338
284	140
458	416
853	395
739	692
896	112
452	215
309	194
488	14
898	124
725	362
193	15
772	507
821	75
607	30
688	659
554	11
837	106
743	363
528	28
363	207
504	328
864	369
666	499
539	126
361	67
840	131
862	191
656	176
775	544
655	0
286	63
217	108
159	87
857	550
368	285
681	58
766	74
739	499
848	10
860	364
490	194
814	342
803	192
778	766
259	151
712	125
823	109
471	301
736	642
529	10
517	137
574	254
581	430
877	318
541	511
719	576
701	321
666	519
601	246
779	269
816	709
568	421
340	41
479	309
895	525
871	338
553	519
891	631
874	751
356	339
648	438
268	13
511	153
549	29
456	248
603	158
821	645
624	143
419	10
616	245
569	441
862	290
267	55
866	726
857	649
661	555
429	381
348	18
595	176
143	106
595	568
679	353
274	152
855	494
250	174
556	13
530	133
887	560
707	382
394	26
814	261
712	632
681	453
150	113
697	466
581	339
559	509
874	338
666	192
741	238
521	52
434	191
526	17
163	75
656	81
452	227
794	390
788	120
847	67
788	42
857	496
724	273
271	209
642	536
851	250
619	467
668	500
851	761
582	281
634	413
446	253
342	76
862	62
692	599
860	655
681	84
529	12
368	296
658	360
420	82
885	794
535	273
794	419
719	202
807	64
874	48
782	413
495	469
446	416
192	36
864	651
775	132
606	548
767	397
861	255
747	60
142	89
472	276
675	125
509	338
686	181
872	600
744	136
490	208
864	102
851	42
316	204
832	354
816	351
804	646
650	289
767	436
720	664
738	706
891	162
884	466
195	67
836	37
852	383
836	489
875	8
664	209
661	128
750	114
754	233
771	536
585	92
553	378
412	307
400	151
637	89
646	523
635	378
555	95
860	0
588	37
615	446
204	173
497	361
887	71
511	12
453	448
548	465
761	580
548	258
664	417
501	310
86	37
296	82
490	236
754	577
818	404
413	246
317	117
646	31
513	283
474	145
49	10
253	29
551	414
817	623
720	429
740	252
845	401
544	536
744	493
654	15
786	271
631	454
821	29
710	118
557	250
620	513
557	218
858	568
334	82
636	431
874	429
207	204
866	703
743	328
665	384
726	386
378	274
474	284
643	182
850	89
273	260
423	141
833	732
889	52
788	355
620	387
163	156
822	97
872	578
808	566
899	515
889	235
152	63
882	75
631	147
868	417
666	44
614	516
699	155
211	195
651	276
777	711
793	250
238	67
439	132
803	593
28	4
619	134
844	813
365	61
159	19
677	316
338	57
570	164
181	37
194	20
811	353
166	165
140	39
886	626
647	66
372	54
674	626
406	251
87	15
465	186
823	168
516	210
528	30
535	351
190	77
311	185
438	227
552	458
882	6
828	77
320	179
247	155
843	336
875	595
455	450
803	571
391	304
781	291
547	458
701	194
667	322
657	214
247	100
833	492
855	639
462	430
554	216
821	164
843	130
205	98
337	152
719	625
822	818
848	493
699	122
416	102
572	16
821	400
896	175
867	389
541	228
609	198
881	799
98	19
778	18
443	341
83	35
675	609
833	149
817	431
861	425
618	176
472	438
424	29
718	711
665	68
386	311
332	200
827	534
334	206
205	135
226	212
683	109
489	110
464	438
148	135
434	145
311	38
440	399
547	500
188	153
867	11
812	63
366	247
661	68
496	466
170	52
728	180
576	41
378	217
826	379
720	550
349	283
588	244
739	235
690	67
816	635
642	596
709	382
649	430
733	646
203	26
847	78
618	356
241	130
585	122
493	416
800	196
531	280
209	29
596	311
381	290
619	100
203	93
161	13
746	90
197	179
458	126
498	496
814	207
868	147
303	19
664	443
517	3
549	59
254	220
352	199
568	195
570	383
780	316
681	218
819	435
168	43
715	46
805	606
871	443
752	526
756	429
441	324
834	97
202	140
572	486
825	763
272	231
739	95
799	20
305	263
666	199
238	212
879	233
483	119
723	582
367	29
308	184
532	253
216	52
856	194
861	531
795	421
150	17
565	417
640	396
613	229
103	65
833	603
505	284
804	41
341	255
369	288
750	702
672	147
228	180
444	328
761	687
553	148
487	356
618	239
843	489
796	505
634	305
376	134
473	431
797	706
767	83
868	595
132	79
351	49
526	317
532	152
430	244
576	511
489	395
889	538
794	21
889	661
643	512
119	100
397	86
764	763
560	228
187	145
282	54
491	360
475	354
392	40
503	292
769	247
303	122
247	33
650	93
888	815
830	247
786	686
110	45
820	587
432	298
688	126
363	59
807	742
669	164
166	100
232	83
193	83
396	171
366	266
283	221
898	411
841	360
747	444
612	289
878	192
779	119
896	241
757	63
530	196
881	95
533	470
546	418
519	292
892	135
368	154
436	63
798	578
768	540
810	425
801	321
841	546
432	145
319	263
379	103
600	177
566	247
142	79
463	429
446	204
614	453
398	20
850	552
661	609
398	98
778	156
96	83
420	310
414	378
427	338
61	34
854	775
383	139
403	202
318	313
752	658
550	370
362	299
835	381
597	158
584	408
558	499
285	270
180	56
458	107
400	298
551	370
541	367
877	257
287	13
450	29
695	547
667	400
799	418
693	489
890	270
823	465
809	214
409	400
403	368
701	73
831	257
297	262
753	521
803	363
677	5
714	116
801	34
553	186
408	169
799	118
591	52
667	13
425	152
279	7
815	625
421	357
609	222
638	583
340	138
816	343
620	198
524	514
396	343
558	236
356	64
737	552
608	352
206	29
873	480
514	419
593	96
508	115
794	438
558	299
289	116
803	305
573	77
111	57
799	271
873	305
566	74
272	214
562	545
770	332
841	475
684	609
899	102
728	39
235	127
604	246
795	341
552	141
466	358
686	655
741	685
475	319
741	148
273	238
610	61
617	292
701	557
733	386
809	659
317	152
578	416
429	312
747	629
807	463
714	317
122	106
889	139
372	45
746	611
206	135
438	85
376	110
658	339
393	11
640	418
753	582
550	102
887	652
787	281
463	223
707	513
890	53
839	769
585	157
854	815
31	4
388	89
618	480
530	277
518	261
549	174
753	358
857	261
381	340
218	153
802	418
651	502
584	95
617	220
886	298
99	23
285	257
604	550
213	94
231	230
729	597
891	394
809	78
595	43
650	262
837	120
322	252
854	16
830	126
853	189
675	165
603	21
379	94
510	114
885	243
794	316
553	15
587	315
665	168
615	259
677	415
738	632
822	708
286	19
856	166
819	39
811	95
821	44
899	487
555	275
504	61
392	245
852	331
612	313
425	186
579	419
868	866
726	139
690	572
637	360
143	86
414	108
237	45
674	513
244	83
820	502
687	254
744	218
560	512
894	362
811	500
755	286
696	443
274	83
374	68
409	280
351	228
873	342
393	271
750	456
804	550
752	165
548	106
373	18
462	377
828	116
194	48
571	465
700	692
155	108
554	308
792	508
666	152
746	246
521	344
773	703
644	378
418	228
623	421
452	102
610	158
754	85
251	177
739	334
483	282
648	498
453	68
859	204
79	54
321	263
790	594
546	47
638	581
719	301
563	533
761	725
832	372
741	549
681	92
764	753
150	88
651	37
899	201
731	710
672	500
693	1
308	292
893	645
638	73
385	67
797	397
810	794
342	341
357	132
139	12
797	163
384	70
601	356
329	18
327	91
541	363
409	48
633	58
247	95
496	419
567	410
493	264
142	102
381	255
84	36
845	236
789	323
786	219
300	30
703	530
859	527
667	646
512	209
802	363
169	7
652	327
453	260
786	348
743	123
348	275
826	256
537	482
801	620
691	453
563	196
581	240
680	120
774	276
676	454
843	348
613	339
769	111
753	427
583	438
225	183
549	321
574	316
712	615
400	129
146	141
776	325
856	234
873	471
698	385
387	52
314	109
271	61
789	244
491	260
792	545
668	160
772	669
126	95
775	256
662	402
684	473
739	700
695	54
672	478
652	226
805	622
695	53
548	149
155	55
402	295
459	209
885	118
689	198
694	258
656	212
422	389
700	524
881	372
333	323
860	278
771	692
660	175
666	460
499	237
865	774
852	343
545	335
566	199
881	435
884	822
472	129
731	547
421	343
782	471
402	171
777	148
803	361
279	245
362	13
805	298
739	195
685	368
547	423
645	40
806	477
376	166
203	92
312	178
770	34
463	354
553	212
875	552
308	210
749	463
440	182
274	169
717	156
795	80
880	186
543	27
328	73
892	55
242	59
538	496
555	241
363	4
548	44
761	697
558	472
323	102
519	255
434	24
358	257
458	290
380	135
258	220
889	842
380	195
652	290
258	244
769	154
347	161
863	525
728	192
363	258
790	258
614	270
805	543
253	136
755	207
801	466
861	753
748	675
737	20
670	190
867	646
432	219
417	356
396	8
768	369
347	82
348	210
609	180
876	532
703	406
654	253
585	159
414	396
806	690
705	46
349	61
366	239
353	12
465	188
804	615
546	448
477	234
806	333
429	212
826	457
170	11
275	33
572	229
768	595
436	346
702	385
605	546
152	81
608	532
248	50
491	19
828	427
446	11
469	245
424	115
586	371
713	362
864	32
408	52
821	594
649	86
786	699
631	209
512	216
739	119
515	161
534	104
589	355
644	222
631	143
688	143
756	64
243	61
244	147
700	233
684	257
641	273
716	31
805	88
285	171
549	349
802	665
885	653
645	429
431	346
691	461
557	358
491	398
577	170
676	198
135	42
302	245
536	201
758	584
769	294
294	176
575	530
725	415
459	67
618	73
519	250
506	84
259	114
887	772
885	128
883	181
828	773
784	552
752	256
260	224
894	759
638	187
717	183
808	278
751	473
695	324
438	191
436	1
383	379
55	2
879	109
167	128
220	56
630	12
852	252
827	461
775	62
887	3
567	533
638	334
604	120
399	330
855	567
669	38
894	642
378	132
484	288
456	215
800	458
805	777
290	203
548	386
880	267
699	70
305	15
575	36
743	320
387	157
402	264
462	307
494	433
737	491
878	258
885	649
584	233
588	576
871	14
556	99
651	263
482	333
865	70
685	550
631	497
339	230
617	450
616	370
642	91
676	558
886	140
795	135
892	490
172	70
804	792
803	725
416	113
220	185
484	210
460	386
486	7
874	742
646	4
525	341
298	256
885	512
868	837
760	191
696	167
781	234
859	765
805	331
766	619
410	125
523	416
318	298
890	859
707	552
631	230
640	275
828	189
693	478
586	181
581	47
610	263
729	412
642	413
884	549
532	450
787	776
165	80
524	302
662	152
594	532
848	538
473	455
721	274
532	366
207	201
877	773
852	445
706	206
607	520
370	244
464	419
197	60
595	332
499	156
188	160
266	217
508	396
559	282
666	251
700	287
497	126
886	420
870	725
647	235
897	733
736	465
476	120
803	403
266	58
696	286
339	268
686	320
492	392
436	203
431	272
621	39
647	346
658	227
787	266
188	143
636	550
615	169
877	322
251	189
828	276
677	206
764	722
185	54
465	448
658	268
807	796
852	615
769	702
700	178
803	110
822	76
535	385
491	199
151	82
869	208
795	683
552	491
365	312
403	365
281	87
682	276
314	88
172	160
843	533
720	605
290	258
761	503
694	448
736	40
545	375
766	297
841	636
253	32
585	98
647	75
818	599
736	302
868	262
284	151
819	105
325	34
783	490
383	349
721	42
259	139
871	798
769	315
711	689
444	257
691	599
637	571
472	199
155	45
800	737
859	858
508	419
655	417
413	302
742	460
747	28
620	476
516	476
795	23
748	68
491	112
787	390
281	158
627	392
567	234
746	389
729	521
891	268
642	624
343	45
747	224
870	528
675	337
805	39
344	56
416	33
76	47
878	633
183	39
701	624
569	245
875	122
693	185
838	54
760	619
608	299
269	217
143	108
767	155
275	158
668	99
741	349
659	419
208	207
806	342
730	419
728	475
536	437
212	4
859	184
755	252
266	150
742	189
835	459
771	423
709	325
746	492
895	314
15	3
825	435
521	175
792	573
365	179
159	101
785	234
375	228
360	77
480	183
422	374
626	15
17	16
403	164
881	643
854	179
323	172
468	256
446	59
678	469
86	72
894	492
418	201
595	393
728	532
367	181
870	653
813	344
731	320
244	32
76	60
668	306
308	190
712	396
805	348
886	479
765	110
533	369
136	109
810	413
670	326
496	311
545	331
851	762
868	640
752	351
700	10
212	153
492	208
635	340
131	74
741	285
749	125
841	345
680	157
447	267
367	50
501	106
831	639
117	68
712	251
197	101
701	354
633	139
575	170
894	702
385	279
870	96
808	117
713	364
875	255
373	60
387	151
774	713
344	66
645	135
272	4
542	219
399	107
587	121
798	521
736	711
621	391
718	371
44	27
673	452
720	72
506	3
873	167
412	301
631	275
594	358
186	29
290	93
213	6
887	770
426	225
645	576
705	657
649	51
547	472
447	234
474	156
850	834
498	89
511	197
634	445
716	189
704	125
191	106
443	280
176	113
811	496
602	298
683	462
642	291
364	260
592	33
833	751
328	37
111	49
621	379
647	495
360	267
186	26
416	225
386	274
561	371
897	518
797	142
529	230
826	88
882	422
519	489
384	148
870	38
788	530
274	213
658	87
867	531
354	184
867	109
406	356
805	722
579	407
890	780
720	494
367	196
793	215
662	430
572	303
307	82
755	696
857	51
575	119
248	189
827	279
539	433
697	216
306	153
798	630
894	307
759	462
581	513
731	93
897	850
720	162
176	123
569	193
696	507
637	501
595	572
626	23
817	671
849	297
693	584
533	431
550	241
482	216
830	778
483	123
360	143
237	66
851	665
879	346
350	82
884	381
873	497
771	329
231	26
256	201
779	151
552	341
582	87
374	76
758	640
670	139
831	785
216	0
787	143
860	848
300	169
884	87
66	23
830	419
798	794
660	268
707	482
600	398
894	236
672	398
632	155
587	449
184	134
792	125
319	157
480	90
884	536
780	148
654	183
465	125
835	140
651	484
319	276
597	329
893	212
204	12
599	488
646	251
868	775
863	287
398	305
192	35
756	724
748	82
157	48
530	249
690	152
508	174
491	337
183	151
655	495
450	154
411	82
595	75
784	715
761	278
800	635
756	567
832	316
525	255
686	265
629	212
765	36
735	459
739	501
739	559
790	640
533	512
825	121
756	426
697	612
731	654
531	428
450	377
852	417
324	31
586	436
538	151
372	101
674	420
673	600
772	522
480	354
801	161
899	240
231	16
263	250
670	471
892	377
654	176
690	421
779	383
872	129
154	16
811	571
595	416
879	105
636	220
753	481
763	707
517	114
576	119
331	37
723	315
828	629
620	460
447	173
817	782
809	418
494	401
871	37
655	175
606	238
349	342
508	74
852	164
343	225
416	260
53	2
814	564
545	269
862	715
378	59
541	533
494	443
677	229
822	785
377	205
526	175
276	178
157	61
720	325
448	26
530	512
108	20
808	507
760	51
838	657
787	484
582	80
499	435
563	151
826	448
519	284
874	68
714	200
567	104
420	418
266	146
533	139
754	45
283	35
837	340
558	179
204	39
658	355
794	370
590	334
135	1
316	0
450	125
852	140
507	185
119	20
812	692
829	689
644	495
755	49
395	341
653	624
733	198
563	418
716	375
801	61
139	74
888	760
788	586
484	457
213	71
288	264
809	79
535	455
404	89
557	420
425	97
864	209
639	604
777	578
391	51
546	387
703	253
616	308
863	690
444	163
719	461
589	97
715	409
624	483
870	338
469	255
557	498
730	558
864	345
814	473
519	300
552	543
533	141
575	451
683	536
740	168
706	213
851	822
846	109
127	105
799	300
331	57
839	566
886	178
292	41
854	626
727	724
586	367
465	162
852	780
393	91
788	492
436	88
799	628
811	245
764	668
895	191
701	186
614	132
519	445
589	22
869	578
867	550
461	240
491	44
429	37
504	453
347	112
422	416
886	15
305	195
737	260
820	633
439	50
371	64
797	310
207	171
409	315
684	88
103	91
885	850
871	267
239	228
626	78
867	26
598	407
747	173
765	206
831	190
661	254
606	363
602	240
341	70
881	383
844	300
383	36
893	456
645	179
615	493
193	97
853	752
767	722
744	688
574	519
838	198
854	557
538	223
663	274
575	560
855	223
785	147
860	619
398	386
739	658
82	80
381	365
761	592
601	447
656	557
714	655
892	607
548	385
260	161
566	509
636	376
826	51
588	104
717	317
608	504
450	312
640	488
523	173
586	229
224	189
863	619
264	1
724	130
352	57
631	132
471	443
176	44
623	219
380	274
340	149
546	492
633	152
477	397
71	16
666	21
446	256
376	264
543	298
288	152
340	206
854	535
895	413
576	110
220	170
535	151
778	80
523	149
818	585
526	293
775	367
733	553
855	487
813	456
329	289
837	204
686	480
558	37
854	36
267	260
723	88
122	8
639	619
451	205
51	41
214	196
775	442
731	557
659	18
737	222
281	145
845	22
319	115
243	113
848	202
300	126
471	24
479	246
139	75
784	622
684	171
694	528
758	732
279	248
248	68
474	185
840	206
557	148
610	100
540	312
787	153
869	260
780	752
708	28
697	431
618	155
593	544
893	239
639	330
875	164
723	302
465	146
602	413
455	412
646	231
517	249
753	537
604	147
801	117
278	82
663	659
706	380
813	194
539	414
463	151
520	437
827	602
835	498
476	152
855	449
680	289
793	62
327	82
804	796
887	59
545	74
842	778
373	149
844	583
340	229
448	96
587	142
566	180
842	782
779	464
371	351
833	754
712	193
573	237
380	52
454	428
516	156
149	61
726	46
767	328
636	82
678	297
732	47
836	799
468	291
512	12
705	387
403	351
872	155
633	521
455	243
434	167
758	500
547	492
872	184
613	462
754	370
394	273
708	40
708	248
685	180
75	48
550	514
817	107
815	385
670	16
772	271
745	661
419	141
521	290
694	604
732	206
813	582
838	515
364	127
154	106
495	14
537	449
619	452
608	211
667	605
494	487
830	443
636	233
860	355
598	574
346	103
155	26
399	345
742	360
466	135
366	101
842	555
634	193
894	261
670	392
755	193
754	181
521	399
540	251
645	475
689	245
458	8
761	305
317	52
654	610
780	648
850	497
836	368
695	644
359	104
659	474
625	69
780	144
268	56
513	185
678	656
355	292
615	56
258	150
753	348
339	166
869	248
56	55
653	340
551	274
531	453
461	278
571	447
571	369
878	782
533	337
354	193
387	130
518	429
787	457
406	267
753	524
853	329
476	1
376	31
607	248
578	389
302	75
818	652
669	330
713	42
535	219
734	49
48	42
803	352
640	219
741	195
884	379
741	566
871	252
833	239
448	305
267	42
870	731
358	67
456	125
549	2
820	445
541	470
160	32
856	164
763	621
443	181
407	356
556	78
438	117
563	408
629	78
497	178
766	489
442	269
843	79
392	60
593	88
532	287
889	111
800	432
458	373
767	511
551	518
506	230
542	328
241	153
822	736
649	600
492	190
383	327
479	281
861	141
673	478
419	380
758	374
759	199
288	87
509	383
314	150
860	78
857	116
726	497
544	445
308	44
694	46
696	424
897	812
511	239
651	6
689	431
730	68
771	582
376	72
448	247
834	24
797	666
548	456
858	12
840	376
579	321
170	5
797	165
818	355
555	265
726	488
527	143
325	150
726	411
452	72
808	516
450	220
263	201
787	600
82	32
888	325
570	113
432	180
894	885
859	369
642	200
809	187
265	250
668	299
614	193
591	112
303	296
633	103
859	41
538	344
607	131
860	12
670	459
510	202
846	36
818	461
709	337
839	568
673	351
596	451
339	221
443	232
780	49
488	465
430	129
719	132
593	144
700	533
861	515
460	392
639	602
814	652
845	300
436	286
205	199
412	101
156	85
385	16
603	20
691	467
752	540
364	342
873	79
724	600
803	589
666	179
751	666
839	709
404	30
864	3
767	475
788	33
443	86
802	250
700	213
176	45
882	615
711	697
555	381
513	474
483	273
761	36
160	131
401	90
640	57
735	225
888	286
404	315
312	129
857	794
429	393
788	70
425	64
613	261
888	266
645	77
541	468
518	391
331	225
614	358
425	74
190	175
560	313
451	157
746	270
822	538
867	45
568	496
531	391
796	384
542	378
526	329
512	103
552	530
653	517
218	196
807	781
864	277
884	196
32	26
137	112
309	64
465	131
678	489
344	53
220	15
700	584
622	410
279	152
805	37
619	253
676	358
440	51
295	254
594	231
208	156
236	229
588	210
411	226
683	84
864	741
872	177
671	320
421	269
737	476
787	313
274	211
508	425
794	36
879	752
794	476
164	73
827	790
495	153
640	133
760	16
678	279
816	350
591	507
641	9
623	591
846	502
761	723
351	278
237	233
594	269
495	374
627	458
222	53
820	789
606	78
518	27
594	138
403	15
443	399
751	488
682	310
534	520
506	348
777	666
742	125
855	63
833	508
473	3
818	237
877	160
493	253
612	381
568	254
857	369
538	59
552	405
791	155
221	170
809	160
819	565
437	367
641	250
544	487
690	356
261	84
582	40
759	180
4	3
662	381
536	113
704	218
352	122
749	377
826	552
790	617
877	624
355	273
211	49
810	482
459	355
503	308
700	188
708	426
728	241
889	838
642	312
812	598
743	407
640	212
755	686
502	93
863	789
667	529
681	499
805	363
715	592
464	301
678	317
585	490
498	486
356	48
706	215
364	271
752	268
572	331
108	43
898	305
897	122
686	251
585	494
823	594
577	573
736	729
425	328
244	225
847	627
547	179
723	147
642	67
619	104
102	90
726	421
650	316
513	27
740	411
772	625
477	54
632	355
774	41
758	666
173	106
779	457
538	417
372	159
135	6
515	298
662	585
737	205
625	578
706	648
260	27
412	208
487	432
815	118
312	40
883	653
637	251
700	263
678	181
488	139
623	69
866	433
672	86
701	227
221	116
710	545
781	386
721	582
642	344
287	104
758	199
391	103
742	93
834	429
461	250
158	52
820	30
849	686
236	35
667	2
294	108
856	175
367	113
711	243
691	147
474	136
866	544
774	172
274	249
789	669
373	135
854	139
712	666
496	310
386	4
400	204
626	3
723	548
892	186
801	407
583	230
800	508
377	202
830	348
796	208
833	335
550	35
856	625
834	17
514	372
682	253
448	116
799	77
855	137
706	230
872	709
828	235
710	310
575	448
806	514
625	608
690	77
833	720
526	265
557	284
316	300
470	434
307	152
872	643
575	570
763	450
689	107
893	284
629	537
811	405
806	453
839	374
802	471
585	286
190	45
474	296
164	133
661	326
705	365
437	42
691	20
565	432
376	330
27	25
304	297
477	433
378	68
655	523
805	780
593	419
629	181
824	463
466	85
734	407
658	325
755	154
631	17
496	340
804	233
895	403
97	30
693	433
585	562
747	686
811	215
664	287
647	251
663	307
439	184
703	272
556	409
591	278
802	512
646	174
691	169
686	150
158	67
778	55
879	336
877	658
760	260
444	425
374	237
532	431
382	55
764	724
486	303
532	340
668	430
316	146
490	41
710	459
862	269
807	735
755	10
550	252
610	516
278	223
773	345
590	38
708	251
473	49
898	715
839	582
464	130
591	187
881	103
790	655
545	205
492	57
670	116
81	45
771	562
855	189
290	168
580	51
691	673
499	461
701	64
777	99
873	464
795	477
544	178
713	57
617	202
637	237
668	349
783	233
664	177
791	114
429	110
433	236
539	42
827	48
875	378
685	423
715	390
523	168
787	184
821	248
454	411
816	760
413	311
218	204
426	210
618	193
761	84
573	24
803	306
631	115
852	559
718	116
655	548
667	116
745	220
314	271
873	178
891	307
709	84
849	451
547	245
782	739
440	434
510	67
655	19
116	0
824	362
892	810
692	633
889	518
837	384
656	413
884	22
599	391
685	170
32	28
482	114
450	254
739	669
216	107
893	632
465	261
580	201
226	197
724	590
462	369
76	23
247	192
764	3
643	591
777	358
570	143
126	68
258	132
719	393
285	230
879	256
569	95
741	355
565	377
224	142
422	351
739	81
625	111
362	229
602	55
716	475
594	498
627	345
711	278
442	75
566	82
496	194
582	325
732	313
863	245
868	193
793	483
810	63
489	169
675	454
222	194
435	212
254	27
674	545
446	365
268	41
583	56
582	24
377	226
776	591
525	48
828	616
897	110
263	128
854	675
520	388
366	123
737	636
445	327
817	30
681	508
446	160
417	196
766	15
799	286
584	129
425	230
750	343
699	262
675	145
836	194
403	79
625	565
437	71
759	680
872	310
200	50
311	7
748	95
197	116
867	610
845	578
638	307
750	451
867	593
333	164
871	642
786	615
354	210
96	64
808	670
540	357
205	121
654	524
711	590
613	80
515	75
784	739
312	125
200	93
390	166
512	81
832	537
832	310
796	349
168	166
735	167
227	205
784	12
698	182
490	360
885	875
514	34
733	105
675	9
877	827
91	21
467	184
653	293
788	257
222	84
719	515
485	124
356	134
787	95
415	361
611	11
596	492
596	159
764	155
323	283
732	60
814	383
869	94
567	531
752	190
896	732
380	241
244	197
295	77
871	853
426	272
740	163
205	45
648	425
391	367
413	396
384	28
317	6
247	2
378	209
767	35
641	582
757	345
585	207
882	189
735	135
753	116
324	284
821	276
852	299
130	64
417	50
776	543
453	137
823	413
287	216
847	144
390	38
492	5
457	370
876	431
79	29
556	190
797	79
341	50
503	339
467	161
897	645
687	535
688	472
492	185
701	204
423	292
558	12
451	309
457	273
811	632
880	117
178	67
564	216
516	204
636	62
587	554
814	86
61	44
564	332
829	109
834	759
308	205
597	577
368	209
554	93
557	387
434	20
504	322
723	184
551	51
245	101
779	648
393	244
649	378
626	578
599	250
566	547
535	498
717	406
396	27
718	330
773	722
572	278
642	199
223	130
662	650
596	310
844	176
573	291
190	168
137	21
866	679
250	242
279	15
297	7
683	390
866	478
809	1
475	119
250	80
445	326
619	437
759	670
282	236
511	277
603	262
431	123
694	119
772	73
731	584
485	193
857	22
726	612
224	22
134	35
578	186
421	23
688	644
555	447
769	56
792	563
899	848
871	786
840	779
836	292
17	13
798	265
895	227
340	276
507	316
663	176
769	734
847	396
557	381
609	204
852	701
893	20
712	484
786	283
853	92
660	441
721	387
812	171
794	340
549	72
338	319
546	538
747	433
880	471
410	332
316	315
397	372
779	334
473	258
770	368
803	214
608	83
832	822
761	76
163	11
378	341
431	287
247	198
851	513
813	57
115	42
733	599
838	169
634	21
362	213
265	125
576	185
705	232
631	515
497	262
829	404
850	423
547	232
333	306
651	324
342	95
645	467
205	79
873	477
347	254
10	7
631	315
614	332
816	187
468	187
577	165
129	11
662	657
478	406
260	248
687	441
569	486
266	160
359	258
783	138
123	113
190	183
729	497
578	6
238	94
588	308
715	72
733	379
868	507
202	32
723	279
854	31
665	93
658	310
181	54
388	277
874	704
499	112
829	240
371	190
569	251
572	269
298	176
845	36
896	832
637	590
285	205
736	315
545	190
332	285
477	158
860	280
889	556
523	18
232	51
276	121
333	80
737	240
434	360
419	7
677	107
284	152
320	202
568	138
204	113
881	389
824	482
565	490
99	11
315	72
358	141
792	121
449	66
73	20
565	518
661	331
602	27
895	715
477	368
456	171
487	220
533	14
740	522
813	175
483	459
475	77
330	47
99	38
807	154
650	466
866	28
830	785
738	644
730	128
573	173
512	488
485	399
846	269
747	232
731	555
863	539
884	630
871	514
606	380
747	706
513	507
737	259
240	115
503	256
596	99
861	363
854	521
592	139
227	211
623	387
575	304
342	273
625	543
870	724
661	525
666	302
853	834
830	789
519	380
279	25
836	454
221	44
722	659
868	12
163	128
361	281
287	36
219	61
816	414
252	138
282	248
759	561
704	598
468	270
571	339
813	112
526	275
781	442
542	16
831	311
873	121
633	73
817	225
332	271
582	320
641	86
603	449
230	130
772	350
742	666
172	127
665	0
810	583
602	375
512	232
179	2
584	219
686	449
828	108
513	247
864	304
363	308
837	605
611	500
714	440
122	99
805	121
360	349
352	51
684	488
396	250
712	80
300	284
758	92
391	11
614	357
153	144
658	33
451	283
770	595
195	22
599	576
243	81
887	57
299	172
802	452
857	322
545	380
871	849
420	268
437	95
551	456
75	57
530	287
886	111
534	160
884	825
120	30
548	435
748	171
475	201
826	359
353	174
653	429
869	183
454	222
540	74
537	406
640	157
782	679
861	516
878	869
161	70
710	426
739	363
776	197
286	55
787	579
832	264
786	374
460	219
875	206
554	324
817	498
319	262
689	272
866	318
803	103
882	318
338	187
657	656
861	745
616	547
443	53
646	38
784	104
810	575
714	658
623	84
776	246
113	73
653	606
755	451
759	523
589	369
603	86
797	705
892	195
588	248
735	36
779	359
493	457
818	324
617	128
650	570
619	159
716	227
459	241
163	111
743	470
401	390
828	588
645	320
606	286
678	30
775	139
449	269
830	615
761	258
275	72
845	70
764	115
471	202
867	850
797	601
629	447
267	113
576	211
630	270
523	465
673	492
215	7
770	147
758	461
337	137
309	84
800	514
290	236
792	245
589	483
885	173
716	603
650	487
672	421
713	92
394	163
585	387
467	220
304	214
693	381
462	177
604	140
838	741
839	148
895	800
839	144
752	143
879	534
741	138
757	440
721	518
508	434
681	465
803	786
721	286
495	399
854	806
850	749
611	41
556	360
450	444
829	216
477	410
475	42
458	349
711	526
871	827
719	260
220	39
804	177
670	526
646	11
856	230
561	172
541	111
779	453
728	369
718	679
549	71
287	248
806	31
627	365
48	4
867	53
575	178
888	663
782	20
589	40
703	33
887	625
839	809
818	306
871	357
643	296
791	577
742	406
390	314
297	23
896	132
829	13
819	566
847	804
837	677
883	336
637	397
384	302
695	137
507	112
777	329
792	118
746	327
542	514
383	322
830	201
357	80
497	230
597	458
704	503
754	565
594	153
582	293
896	245
400	136
837	408
484	451
419	259
424	143
615	43
551	423
779	615
190	2
621	236
864	300
248	91
768	209
868	647
743	389
897	432
568	425
720	114
627	478
492	414
847	198
671	598
433	275
877	307
872	238
623	402
226	143
766	747
168	27
746	174
792	187
570	467
867	619
318	38
333	189
637	163
501	488
862	441
254	61
648	333
591	183
430	122
764	543
535	325
718	375
737	218
828	805
737	201
605	380
869	691
644	267
844	555
691	407
546	348
475	422
150	121
484	276
485	92
551	264
399	316
780	22
561	538
226	163
809	696
172	13
508	436
680	654
507	71
850	787
346	319
527	510
551	276
366	255
879	833
444	17
444	320
805	188
290	256
547	424
667	521
620	454
711	681
578	394
572	430
875	142
859	707
358	183
721	368
516	171
836	596
694	338
408	351
39	5
524	322
833	679
593	285
805	126
537	15
447	307
779	371
870	23
686	313
144	130
541	425
240	5
544	127
817	120
766	495
585	27
774	161
411	201
687	608
774	653
474	396
708	617
81	39
706	443
641	189
875	90
726	22
424	131
792	331
567	288
842	539
858	191
599	439
424	289
728	719
464	183
850	180
884	500
473	122
258	50
377	102
678	253
787	570
162	74
223	202
459	313
143	120
698	444
689	632
353	110
453	337
291	37
786	277
642	154
877	126
859	187
511	224
614	329
872	662
530	314
681	636
866	300
462	102
573	514
492	124
442	441
787	324
438	204
355	56
135	88
757	738
237	119
470	212
820	501
469	402
642	370
889	385
146	38
431	5
732	679
121	68
719	35
745	498
812	576
433	199
557	456
891	298
310	137
404	279
671	340
132	14
559	320
553	309
690	278
424	365
698	620
584	53
732	64
593	138
461	293
593	226
166	74
632	264
748	304
887	728
712	618
811	454
867	829
740	63
560	312
866	281
271	111
229	59
862	630
242	50
531	442
822	728
874	132
868	40
273	225
665	514
127	125
485	188
599	22
709	361
588	565
757	638
682	191
713	431
584	434
733	605
705	230
576	323
789	139
645	295
546	532
717	142
444	160
758	36
450	311
339	321
615	591
751	531
829	475
678	639
843	394
863	455
554	507
765	424
784	178
627	520
854	560
659	494
899	896
677	304
864	75
517	308
473	337
514	434
788	291
819	762
168	125
511	28
341	329
882	625
520	393
849	791
713	187
837	119
447	6
576	213
655	421
542	367
650	123
778	261
600	449
331	136
559	220
616	402
363	56
573	50
542	167
693	237
436	26
841	109
695	99
750	544
747	491
328	109
222	169
117	114
891	827
812	701
298	250
839	179
741	524
791	658
752	186
567	440
859	168
244	222
495	485
832	261
527	459
870	363
421	329
732	235
502	23
752	120
446	317
653	311
482	13
829	778
793	621
835	418
761	520
588	42
296	134
812	483
894	358
614	310
307	139
548	60
559	158
341	205
371	11
328	240
761	180
811	565
714	706
493	491
402	42
559	304
722	177
887	156
166	16
303	106
805	275
403	251
871	173
289	202
688	38
709	79
617	388
569	67
813	702
802	0
740	15
632	429
322	265
788	132
822	492
385	194
661	132
663	390
524	423
241	116
261	142
838	270
580	261
214	203
727	145
176	128
647	505
834	106
245	68
666	270
649	508
590	102
415	221
334	178
882	655
802	738
531	296
897	384
733	684
314	206
67	12
531	61
516	158
550	29
878	643
298	170
219	208
685	204
525	302
321	225
749	209
852	396
663	21
768	603
875	2
788	252
611	448
872	277
641	91
685	652
776	388
646	544
444	352
654	119
761	702
727	305
117	109
176	46
845	224
258	149
818	445
553	2
733	492
796	726
465	267
755	344
834	399
419	255
872	570
753	610
539	373
269	56
894	64
544	527
438	384
759	384
587	241
407	83
703	237
78	43
856	331
408	376
705	138
574	134
874	766
733	639
794	254
725	262
325	161
851	767
462	263
511	225
705	0
836	28
280	160
523	257
628	560
424	383
651	206
841	306
548	18
839	141
765	287
676	241
816	3
716	255
322	73
875	15
498	149
169	108
683	217
825	797
250	23
613	543
185	122
565	192
202	56
817	256
744	149
446	431
321	310
812	417
358	8
306	86
760	7
882	797
792	751
885	646
804	535
709	340
760	479
869	284
814	568
811	34
853	786
894	733
420	190
656	553
779	280
663	473
798	144
709	27
477	157
457	59
725	69
726	529
823	327
755	327
566	317
585	509
575	454
671	194
421	237
276	244
805	508
500	166
415	128
866	709
330	319
228	41
531	124
536	317
571	222
324	271
646	400
97	12
899	632
732	481
264	164
602	403
496	47
757	670
202	152
412	321
743	338
860	376
478	197
673	11
540	486
765	159
529	233
767	324
141	28
433	60
880	541
653	236
735	242
250	215
596	239
784	19
496	51
239	29
851	783
333	317
807	621
217	106
82	2
742	641
899	592
633	379
688	618
192	168
426	400
771	202
804	320
372	73
681	283
719	699
127	74
671	426
410	12
353	150
755	399
807	787
796	586
691	46
626	81
321	88
835	354
661	574
681	206
438	105
600	77
548	53
405	241
584	431
526	377
474	203
752	302
669	538
824	403
455	250
361	310
768	39
665	595
826	642
582	308
420	252
75	29
699	475
219	173
457	130
296	225
657	134
493	373
767	717
272	195
744	521
860	98
814	90
822	433
801	798
557	306
647	528
533	227
738	292
829	19
751	204
830	157
852	815
744	254
775	104
387	58
305	249
759	318
860	358
868	588
723	304
652	391
245	131
657	509
339	125
696	567
781	120
489	139
695	460
704	688
799	195
334	276
748	442
164	117
57	7
819	383
620	602
582	348
404	181
844	191
853	784
881	714
668	552
496	245
264	232
880	535
724	691
619	73
450	328
547	32
708	482
860	378
857	33
757	700
868	846
472	124
543	304
518	141
548	302
702	253
839	747
299	12
440	162
356	223
392	119
165	100
372	330
785	246
824	521
687	351
282	18
614	81
564	74
427	206
729	158
650	406
618	394
589	37
660	16
875	113
840	373
386	98
135	111
746	303
610	551
570	39
689	524
450	106
609	75
455	228
611	7
572	9
334	215
354	165
671	323
734	57
685	116
813	3
897	654
834	260
490	63
685	471
642	82
568	540
452	0
255	29
490	412
232	152
785	771
372	128
736	171
213	14
623	346
433	136
600	14
314	48
495	163
441	384
882	820
657	294
438	418
800	765
553	299
763	324
657	653
559	361
677	532
696	146
844	541
550	8
395	299
305	149
263	132
637	21
642	306
814	228
583	533
745	39
731	538
597	552
552	534
757	68
621	102
655	403
497	296
852	255
725	129
617	500
869	500
865	41
829	220
612	511
813	563
384	161
736	278
648	390
496	181
660	57
287	147
187	1
608	396
863	233
877	728
896	435
688	670
715	424
724	77
784	103
325	133
541	215
462	178
738	162
556	398
763	726
374	9
831	455
483	378
236	179
730	540
861	404
730	301
684	399
238	2
672	260
610	605
473	178
463	227
801	272
625	310
798	276
763	265
680	51
897	41
572	357
526	398
575	32
879	333
637	242
896	664
640	27
391	321
882	551
864	6
706	701
552	510
715	678
700	129
763	236
442	210
844	760
370	222
426	219
812	249
849	354
879	849
500	483
890	292
416	292
332	293
839	363
577	282
354	94
613	436
598	344
610	273
750	430
895	643
782	770
695	111
337	90
403	274
353	212
769	471
753	743
244	185
743	440
380	313
577	513
526	369
313	232
836	437
345	329
741	550
893	379
547	439
443	156
824	278
298	39
778	472
222	153
638	30
138	2
621	244
883	716
290	173
303	76
819	165
339	297
645	442
369	27
430	157
435	286
728	113
469	182
522	2
676	240
764	586
800	305
864	482
796	655
706	7
234	219
565	4
823	242
505	56
653	202
176	63
886	658
438	172
859	820
822	608
503	285
525	368
522	233
678	131
218	134
332	158
470	433
820	747
467	194
507	373
695	352
447	117
803	74
472	320
204	200
832	516
511	482
517	385
837	712
576	284
742	33
385	111
300	279
891	532
698	597
598	266
849	272
204	185
759	698
460	61
214	177
899	725
604	55
675	493
494	262
636	511
732	203
375	53
806	3
876	80
625	327
278	242
679	602
474	255
124	17
889	13
76	19
467	116
710	582
427	203
774	196
883	612
556	377
810	375
611	407
801	796
759	219
543	504
613	20
660	317
657	155
879	226
822	514
161	48
357	224
723	188
533	122
749	70
561	166
494	444
480	68
474	312
356	285
600	188
768	439
862	176
680	42
354	162
748	722
432	12
358	30
750	719
821	546
372	368
578	350
711	294
710	437
651	649
782	253
472	280
460	347
843	410
616	351
219	29
594	398
655	456
436	175
501	175
896	670
460	324
382	179
647	441
272	141
89	61
823	74
524	148
115	82
593	358
784	409
495	417
404	287
833	608
417	121
689	522
662	311
683	461
508	374
774	667
650	200
553	406
596	147
645	105
794	503
769	610
629	188
474	85
801	463
718	62
895	735
390	342
837	207
730	564
872	178
898	660
448	98
893	69
290	125
808	18
798	651
877	246
884	635
660	324
424	42
122	0
619	439
466	42
720	575
416	342
707	546
648	457
899	29
389	320
724	350
787	325
768	68
602	79
339	330
633	36
521	91
475	286
238	75
310	7
671	597
796	425
647	593
718	48
418	320
361	254
848	327
205	131
774	56
658	428
587	153
732	266
817	89
767	38
627	545
567	546
474	241
653	391
371	182
337	89
61	31
768	450
871	370
646	425
745	579
816	322
685	129
841	765
879	549
564	254
887	61
818	231
852	336
400	3
882	229
501	337
680	76
796	108
424	369
319	48
804	755
789	760
678	330
494	252
629	362
261	130
728	182
234	188
854	517
541	346
788	605
227	31
356	67
660	190
667	89
698	340
792	759
873	341
886	25
811	363
487	397
630	265
355	230
384	269
782	548
639	269
732	279
881	153
514	130
684	331
342	84
788	765
599	524
659	111
529	314
818	680
345	51
57	6
351	293
682	522
177	167
223	77
112	106
550	321
871	632
585	131
248	225
705	667
718	360
832	7
181	175
768	9
741	596
268	229
87	86
556	465
787	749
713	491
232	153
896	584
591	282
561	181
433	135
673	152
592	585
773	596
325	1
320	308
518	256
499	275
405	243
726	192
544	202
280	249
553	330
732	546
534	180
706	623
617	229
856	666
859	740
715	549
686	34
880	405
736	230
784	771
556	363
828	26
243	82
893	344
632	386
589	58
343	119
869	467
668	274
96	44
469	337
139	39
608	284
362	284
313	260
848	134
874	739
800	744
554	488
651	318
243	147
252	116
636	523
520	161
835	50
492	17
516	52
160	16
895	445
574	395
556	230
894	188
798	537
858	748
845	844
456	236
339	182
686	309
443	174
824	520
550	492
659	416
628	453
772	49
688	162
753	602
733	601
806	277
511	510
806	171
597	138
673	633
405	166
705	688
682	630
700	67
842	111
370	312
454	211
414	55
306	90
575	20
619	79
244	1
232	48
853	2
780	705
739	665
705	301
678	369
22	7
711	4
806	263
686	301
809	43
357	285
470	425
355	348
779	161
455	443
776	442
538	385
737	194
845	424
793	414
790	395
443	297
555	413
275	196
581	568
616	482
747	111
374	62
407	165
771	279
832	99
602	513
364	256
652	54
822	144
681	245
836	800
760	386
202	21
767	524
332	172
731	91
685	645
561	420
732	29
532	125
857	253
815	567
886	389
775	329
759	458
864	839
120	92
616	302
521	516
616	603
805	598
615	539
838	316
823	103
654	18
676	88
569	235
523	383
704	607
740	509
845	399
872	421
104	43
591	258
867	562
858	10
532	443
674	72
684	255
803	204
620	470
548	59
554	81
802	481
604	317
600	422
465	56
770	428
869	614
518	287
419	287
626	130
517	285
703	301
433	276
782	365
155	121
792	503
451	221
273	3
451	162
362	63
612	500
539	318
580	439
298	5
449	418
416	6
857	204
568	221
567	295
612	401
163	153
782	432
739	651
481	194
634	136
414	390
661	587
862	131
690	482
718	406
745	181
650	164
887	873
197	191
343	32
568	4
696	653
745	492
782	231
339	158
746	392
277	212
635	400
689	641
289	259
790	253
94	68
890	520
264	60
573	293
704	180
676	548
863	528
646	365
548	493
798	683
793	326
764	547
840	461
788	639
736	459
894	161
437	267
689	463
332	82
354	231
350	7
645	267
469	224
348	268
367	307
232	24
631	311
328	151
708	193
367	144
199	28
672	216
700	592
63	10
218	36
710	384
655	228
395	194
690	596
560	459
472	215
406	181
865	146
267	210
617	301
890	566
264	17
446	87
829	763
811	81
195	77
343	101
566	94
862	48
415	73
892	185
871	739
769	372
641	547
617	63
865	511
508	253
383	223
592	96
443	1
140	57
494	448
751	123
637	160
477	398
297	36
129	45
848	240
821	120
319	264
487	482
289	250
240	173
772	689
225	65
611	310
887	842
505	261
729	334
741	471
497	244
257	123
589	127
820	85
762	15
758	543
759	495
360	340
799	708
362	12
802	183
390	67
143	29
619	128
804	403
669	107
760	483
671	141
507	99
798	679
113	89
870	678
701	530
633	206
298	68
415	317
893	391
366	306
725	654
515	332
700	538
586	22
520	51
868	493
847	455
488	51
559	418
848	556
696	145
764	257
380	379
548	401
808	387
611	246
734	675
150	11
793	346
610	98
664	317
652	200
501	465
575	213
748	423
769	88
846	454
321	234
463	374
870	151
441	22
855	472
889	599
421	338
555	237
584	292
314	129
719	105
711	644
530	389
635	574
671	389
460	186
387	68
772	297
879	142
342	152
686	525
612	255
329	137
783	658
760	547
665	1
711	315
798	255
474	178
874	603
646	187
214	71
634	1
769	283
811	726
219	44
865	364
606	158
894	15
764	541
519	377
851	382
147	28
724	601
775	334
309	231
853	119
657	258
417	0
501	386
645	552
881	307
731	244
464	459
331	156
454	157
656	342
788	646
659	406
709	687
694	592
667	395
871	603
868	452
816	438
768	476
497	218
510	391
570	380
509	55
637	434
290	271
785	233
800	412
678	12
790	35
865	786
626	622
577	283
73	32
748	706
264	10
353	229
739	569
714	55
569	562
105	57
679	415
316	60
838	439
714	180
512	72
732	48
641	230
48	12
722	538
622	24
346	166
480	48
719	322
660	99
823	583
732	646
826	784
780	609
114	22
263	218
632	462
45	42
747	630
322	96
741	365
94	85
445	173
875	135
525	6
824	322
448	59
757	387
881	19
317	78
786	757
177	160
889	300
497	132
743	638
623	45
603	54
849	670
832	220
806	102
808	98
822	180
470	168
678	447
731	94
800	459
845	843
761	222
457	421
834	36
833	615
683	527
659	264
787	785
554	215
801	733
527	216
600	454
838	53
743	78
252	208
689	495
644	573
437	268
849	183
871	605
189	172
667	474
718	419
883	395
221	107
264	132
574	276
554	510
348	53
449	141
639	399
876	784
174	61
820	376
461	97
875	671
568	397
733	631
745	283
897	798
594	110
714	437
681	463
526	96
669	528
607	428
796	374
752	548
800	213
611	386
865	401
427	133
808	797
486	150
852	587
809	478
854	538
884	272
270	93
417	167
381	47
448	203
521	189
438	331
618	204
306	204
587	583
814	76
328	56
402	33
748	323
454	76
831	288
523	475
631	112
368	71
543	524
143	82
870	276
506	318
894	646
786	648
717	658
85	19
455	324
389	203
779	755
854	47
867	609
892	141
362	171
525	253
477	457
411	152
883	75
813	170
830	641
308	121
256	132
104	96
299	163
457	112
786	67
567	183
498	385
888	66
831	389
870	199
736	58
850	321
186	2
615	566
736	467
524	140
671	436
452	22
303	103
577	44
776	75
514	199
739	121
714	21
853	261
879	519
841	93
629	573
836	190
616	42
897	318
359	356
777	321
474	393
680	322
751	281
786	92
323	24
844	315
598	116
839	349
647	534
484	401
813	185
158	111
509	442
712	427
686	347
255	5
596	306
488	47
606	460
709	263
864	259
638	550
594	314
53	22
657	414
317	306
783	81
850	226
784	48
495	253
890	549
691	127
786	196
680	648
508	332
517	70
862	98
839	307
813	798
352	163
529	183
871	422
703	258
524	450
292	50
146	76
657	328
578	570
751	498
668	111
851	570
348	327
625	60
745	235
727	633
589	303
838	719
775	494
516	77
543	237
634	390
743	154
746	17
851	842
664	5
695	631
814	464
424	73
858	20
696	509
861	556
715	172
824	10
767	688
425	92
515	99
861	372
563	136
674	552
649	119
626	493
893	138
350	105
291	282
786	704
415	283
882	195
514	71
824	63
377	236
670	650
416	276
787	99
259	30
192	45
530	28
523	505
842	348
709	47
659	408
242	113
588	212
169	94
406	244
225	128
488	175
646	430
359	126
834	800
600	475
564	260
810	262
426	144
823	162
740	457
244	131
767	6
456	253
832	552
553	331
392	210
867	288
283	250
497	347
547	286
838	410
547	25
587	370
629	449
578	577
760	710
780	701
725	580
329	177
875	450
772	726
771	287
524	327
544	321
451	330
732	31
174	130
344	214
342	329
264	197
715	647
767	532
649	493
418	414
727	440
158	23
227	19
526	232
624	179
842	506
810	428
755	278
540	113
723	665
257	47
384	154
430	64
650	244
753	147
742	719
746	448
433	419
602	451
104	16
646	445
747	226
507	222
325	12
446	424
2	0
536	301
390	195
514	399
790	724
288	270
786	208
596	554
711	176
373	108
404	322
563	311
645	239
698	131
864	842
563	335
422	412
840	460
473	370
602	544
481	231
315	277
711	339
796	332
800	552
612	242
418	192
729	62
688	139
596	450
796	261
314	60
754	323
706	637
876	261
757	165
452	349
694	20
530	201
726	723
416	308
581	377
803	798
566	296
830	18
790	670
796	197
778	53
785	134
195	150
616	406
454	339
768	727
600	336
643	373
537	301
801	370
430	361
493	1
453	252
575	156
291	177
593	508
660	603
838	514
546	307
889	217
69	24
402	94
451	153
94	17
728	615
354	271
888	318
645	484
518	71
800	22
839	106
678	538
601	319
872	117
781	650
377	44
869	754
524	240
724	644
312	245
224	147
668	601
29	19
543	177
430	27
496	268
682	80
587	409
737	578
674	587
811	214
820	19
769	205
377	86
888	761
617	412
856	85
656	171
521	245
156	136
494	20
748	176
722	216
620	545
350	58
718	420
818	163
215	190
348	311
517	436
634	330
876	716
399	133
783	778
604	536
376	364
394	276
766	104
650	428
828	295
888	641
858	188
585	69
388	259
605	526
312	186
542	186
732	569
565	47
691	10
570	381
857	565
248	175
466	159
762	319
751	239
428	85
510	79
534	397
700	139
845	804
173	52
882	58
762	86
423	101
775	375
703	402
153	99
238	17
720	476
707	295
419	345
492	490
777	159
556	460
510	175
779	549
713	294
826	47
384	175
367	21
852	203
597	383
858	711
889	564
476	268
201	136
253	58
757	549
795	70
831	733
590	276
858	618
838	650
402	216
705	637
794	724
730	274
632	453
603	389
890	531
817	619
601	285
674	616
649	196
496	15
829	360
879	783
801	680
771	560
768	756
837	326
163	71
618	250
462	316
239	220
270	156
377	269
625	573
613	140
483	415
775	358
634	146
437	317
621	480
823	199
841	252
779	154
529	160
378	33
434	277
507	311
772	528
422	414
542	187
570	232
620	113
735	454
537	50
656	637
731	580
257	81
673	644
594	50
800	278
822	172
825	738
721	275
189	146
709	83
796	356
747	613
591	338
737	207
706	260
744	400
842	655
857	412
493	203
840	696
743	520
547	47
534	224
423	226
268	258
789	670
771	233
440	267
121	108
654	107
872	372
664	543
551	294
76	34
887	176
628	128
703	572
789	675
777	332
797	771
858	363
352	47
660	262
625	532
860	347
382	53
377	367
870	227
337	335
402	23
544	122
622	380
783	283
623	78
845	514
730	329
602	304
683	430
502	497
639	276
163	130
733	237
689	529
632	276
854	519
481	212
512	17
590	400
776	368
635	194
701	552
866	282
197	195
509	144
771	38
429	171
802	473
873	856
887	405
355	187
454	43
764	571
863	395
808	750
484	95
355	44
665	588
171	144
611	73
827	53
473	408
865	660
583	222
859	225
738	471
278	178
563	105
673	544
789	651
738	273
334	158
567	127
703	507
763	545
590	172
582	555
896	106
884	174
785	472
536	367
445	300
245	166
485	367
141	116
684	194
560	483
616	346
327	259
606	93
869	702
709	111
745	695
789	612
282	39
734	417
817	632
748	14
644	177
863	818
819	318
440	28
777	612
488	48
461	64
634	64
172	114
887	882
708	505
814	353
481	174
258	166
520	206
453	147
755	606
593	178
656	583
530	518
831	638
620	445
846	801
694	110
118	108
551	284
668	174
381	186
746	385
722	630
677	555
703	117
359	335
387	99
778	130
74	60
557	19
789	175
382	375
770	532
830	587
744	367
885	854
808	639
607	86
799	26
537	251
751	637
682	425
837	399
457	207
680	574
888	144
242	170
862	619
557	117
423	373
821	225
417	120
406	288
658	114
516	250
862	664
894	536
220	40
478	18
875	838
475	141
633	457
772	680
836	444
625	428
792	98
453	443
535	440
788	255
796	536
485	214
305	143
743	437
491	377
675	7
490	218
123	75
474	387
733	246
466	171
888	403
768	332
481	439
293	46
386	186
778	583
555	68
309	261
683	659
236	101
896	2
880	443
474	245
666	223
626	284
858	776
846	241
790	133
451	396
868	375
536	329
752	50
575	510
786	406
898	332
798	358
646	286
529	194
864	478
220	101
759	177
476	109
490	485
898	75
221	49
849	508
809	113
33	21
769	158
614	119
400	55
546	385
122	84
896	614
645	4
795	543
546	224
795	604
618	385
92	33
853	355
477	320
104	102
737	726
678	273
527	217
897	724
873	495
774	332
712	152
530	400
104	47
289	79
838	686
632	415
158	2
632	133
470	258
597	492
559	66
688	127
574	573
213	120
174	167
220	150
530	468
261	70
396	360
671	335
851	174
740	288
690	70
522	234
590	340
845	834
839	199
799	306
776	545
497	141
781	9
732	167
359	123
701	152
413	11
565	93
890	386
528	356
687	263
172	71
443	107
880	803
607	365
532	508
553	230
455	340
831	70
791	406
422	174
256	74
572	535
608	415
317	161
775	284
586	258
187	184
571	150
294	148
139	2
528	344
691	304
684	154
829	755
191	175
674	521
781	184
353	242
396	88
554	227
189	10
454	284
246	11
346	320
743	452
44	2
758	559
751	169
875	150
601	96
182	91
352	148
361	121
512	432
759	50
449	370
670	644
477	425
764	10
387	186
706	525
436	314
108	3
877	576
300	163
277	64
728	693
859	549
859	357
376	165
802	357
761	349
507	388
791	193
712	335
403	398
187	154
613	449
748	58
768	467
708	538
443	366
858	25
625	195
462	434
682	231
780	555
621	358
848	344
396	190
737	720
707	625
564	109
120	29
808	124
803	561
781	253
427	3
417	173
870	267
655	488
882	760
798	284
546	71
834	554
599	130
319	196
268	158
367	359
575	239
513	71
516	245
703	209
737	83
110	92
794	318
734	154
874	66
514	238
593	204
578	40
838	726
524	310
692	677
576	175
740	443
176	99
437	52
430	262
864	260
437	161
401	45
333	203
635	291
481	181
70	60
879	70
875	446
810	554
109	101
251	40
415	109
779	298
140	2
776	249
94	16
534	66
866	55
826	814
867	789
685	663
359	191
836	142
841	791
682	212
489	252
881	613
377	168
850	76
298	275
461	353
662	644
706	195
830	187
833	311
317	214
572	540
862	521
213	18
341	72
762	448
338	308
658	590
886	726
601	448
839	493
712	394
79	60
871	237
408	372
285	274
806	131
756	604
878	233
669	195
269	156
772	221
702	396
741	74
528	354
800	152
741	679
465	197
789	535
832	199
375	41
417	166
568	510
667	126
293	38
243	189
571	37
366	32
628	162
528	306
639	394
710	487
445	367
403	281
604	94
404	135
360	323
738	548
47	28
480	27
640	501
819	665
654	458
699	564
652	568
183	12
454	189
637	185
652	148
770	364
889	92
624	156
698	297
356	247
333	127
711	699
744	68
731	262
589	216
893	745
502	81
806	271
486	99
675	82
797	227
566	148
564	171
139	59
840	117
364	190
382	206
670	274
525	206
782	318
413	122
107	67
752	704
507	426
666	37
625	515
449	154
510	478
631	458
735	205
814	480
782	276
643	478
644	149
508	362
661	495
701	268
769	307
554	357
711	171
495	38
626	330
673	529
810	48
435	396
608	106
277	220
679	193
104	103
387	248
609	65
868	135
758	115
583	334
603	66
735	355
854	343
879	278
856	529
612	179
484	172
693	338
389	263
869	434
837	601
770	345
827	330
391	67
530	115
758	116
431	366
410	208
684	92
727	165
285	8
674	641
689	269
747	415
376	193
180	16
507	489
369	175
897	704
573	254
615	542
480	155
393	254
588	376
837	260
501	295
192	29
495	211
482	194
354	212
363	152
196	176
733	630
873	734
819	373
644	426
629	393
349	67
525	446
792	269
757	296
439	87
667	384
681	169
695	113
62	8
495	382
712	95
595	464
482	168
189	114
688	228
512	324
795	118
603	329
597	189
892	677
533	135
148	147
896	423
605	71
697	232
438	300
699	224
858	685
537	488
559	198
814	252
341	32
661	205
315	224
401	270
605	383
575	96
761	575
460	420
480	340
343	273
448	81
289	237
379	189
586	418
635	38
755	103
754	161
348	292
608	589
462	0
31	5
892	81
654	40
536	457
552	239
769	535
719	415
855	211
196	95
416	346
545	145
602	472
560	431
841	673
668	128
767	758
845	481
648	401
335	163
558	392
292	257
586	359
406	145
586	93
473	414
666	150
719	556
795	102
755	298
762	74
418	73
319	283
861	374
702	92
559	555
621	42
299	292
797	109
844	560
825	504
690	681
728	53
623	444
795	698
753	181
711	17
817	636
375	143
446	384
554	445
751	559
206	31
730	163
569	433
316	82
574	52
205	99
551	542
607	214
616	575
860	205
477	380
799	622
335	112
815	449
539	334
572	531
357	144
861	397
755	516
494	27
625	435
737	33
756	364
367	104
481	171
413	357
562	515
737	164
559	528
729	207
523	227
723	101
622	342
508	126
615	520
327	285
527	323
841	735
878	877
150	80
505	124
559	211
655	92
694	373
293	244
865	143
871	260
870	658
573	125
727	293
778	392
706	96
780	90
315	181
294	241
743	524
387	189
464	50
820	361
412	45
207	181
644	514
350	305
818	320
852	224
598	77
793	219
610	340
346	212
594	240
752	229
370	187
576	547
646	440
330	179
769	365
795	4
351	306
733	723
860	425
652	454
467	142
485	350
500	418
899	739
220	92
579	409
870	102
132	19
121	71
698	458
447	211
586	278
323	229
832	442
547	160
658	327
457	331
408	215
316	186
861	542
284	170
382	216
720	422
513	168
670	40
267	205
831	512
892	21
424	379
429	397
542	154
795	396
247	81
711	682
369	106
726	710
659	403
679	273
402	230
529	204
806	203
314	292
614	89
323	75
884	122
581	101
365	274
709	356
768	382
740	20
749	359
635	580
788	130
609	480
794	493
230	78
885	750
588	574
750	447
673	64
505	403
759	696
691	89
828	76
862	127
713	707
857	521
762	95
832	40
674	327
737	497
577	122
830	814
592	233
474	378
451	374
4	2
285	10
357	215
361	49
459	360
338	313
385	122
507	493
337	122
820	371
640	376
685	35
863	2
813	260
334	221
543	452
566	78
255	208
493	278
397	288
676	77
723	144
244	229
760	23
854	8
746	657
783	383
846	816
728	618
618	34
575	52
299	256
298	213
874	161
599	318
240	27
542	401
742	206
678	404
819	512
737	223
797	553
733	351
122	24
467	349
856	197
792	203
803	785
627	409
794	425
715	296
425	253
555	146
565	37
836	286
198	74
625	451
571	419
765	150
845	534
835	491
631	166
511	68
743	645
614	537
843	800
697	567
391	301
378	154
454	303
608	144
899	326
488	55
768	554
783	748
291	10
498	418
801	385
612	123
433	73
284	37
320	222
634	56
789	247
717	53
564	200
268	100
831	5
513	274
664	280
374	203
709	591
458	203
613	179
838	77
527	103
442	252
779	71
783	456
357	66
572	471
773	289
736	217
605	114
734	727
488	223
840	166
849	2
850	692
356	83
671	367
656	57
876	516
496	114
316	48
897	368
503	79
266	99
877	518
406	34
644	40
70	16
485	299
693	282
492	264
786	654
749	559
514	383
701	337
506	478
470	152
800	468
898	676
883	571
493	202
853	370
868	469
877	422
631	273
798	297
783	702
311	9
899	241
810	738
397	245
562	163
415	289
522	139
226	38
787	254
855	418
613	18
536	335
835	543
223	163
246	55
726	212
316	302
538	362
456	231
601	479
215	140
826	11
89	39
115	73
648	68
489	175
293	26
768	670
748	529
134	46
821	234
268	31
498	387
768	162
535	195
881	651
515	488
311	30
716	495
618	202
775	485
847	811
523	365
475	402
185	88
711	170
479	47
800	124
385	271
423	271
721	400
429	227
490	384
573	330
536	334
881	578
740	405
824	433
588	90
90	9
691	311
468	105
364	80
733	135
836	777
619	557
761	352
660	510
854	687
613	121
763	18
428	214
662	609
756	507
760	104
355	262
289	148
839	89
672	93
518	204
644	48
797	377
842	184
576	387
715	177
304	38
609	241
897	657
325	87
898	838
653	600
766	387
851	447
674	55
311	308
626	386
425	171
707	56
299	252
784	511
850	848
853	58
848	516
543	446
724	511
831	580
342	238
818	151
740	489
859	452
97	56
893	146
681	385
503	57
802	714
862	227
818	766
595	310
421	158
787	687
648	537
677	139
570	152
852	621
497	212
894	734
522	389
505	442
876	485
731	686
136	123
640	591
490	253
686	471
439	387
741	139
728	550
237	14
484	190
308	38
871	339
675	160
658	6
828	772
647	501
324	259
722	8
895	221
734	314
271	33
701	663
689	406
812	523
128	87
466	6
617	294
75	20
771	151
782	113
611	513
751	602
602	282
650	179
150	41
642	148
420	332
509	377
729	486
661	78
830	518
449	441
768	498
856	444
753	38
188	20
59	8
890	569
182	128
768	372
757	278
799	486
36	11
792	319
603	141
531	25
582	497
142	21
708	334
463	282
713	620
453	410
866	3
813	537
674	410
826	593
130	51
699	174
628	83
703	369
142	73
395	347
369	252
550	145
231	75
450	108
718	91
879	229
172	126
236	217
769	706
847	120
641	17
806	496
747	189
842	756
563	269
186	42
600	55
659	100
861	324
646	450
727	201
308	137
626	119
527	160
603	68
269	263
487	7
703	294
408	331
684	504
821	261
739	358
850	349
875	343
789	410
643	118
689	156
899	454
666	410
471	287
845	243
778	694
764	417
849	690
733	725
486	433
660	447
762	413
676	517
558	540
809	52
892	871
867	811
465	39
149	69
889	6
673	287
614	590
660	289
801	693
782	294
515	174
853	504
873	503
757	443
296	118
605	281
717	216
654	358
712	165
82	26
473	302
845	811
612	276
691	338
147	59
639	175
441	363
653	272
387	6
616	379
840	580
552	197
372	207
890	493
61	1
881	732
812	377
721	74
820	797
634	505
477	155
818	814
414	341
514	254
319	132
521	199
725	443
264	262
832	112
891	318
656	376
273	235
152	114
674	435
685	502
711	82
337	133
322	164
836	331
844	145
538	58
584	260
729	243
887	711
882	232
694	524
834	305
449	325
705	356
879	203
346	44
839	260
755	539
725	325
839	382
712	156
746	741
485	319
861	656
464	409
701	418
878	715
433	316
46	17
802	576
850	836
393	353
164	55
511	2
425	308
534	422
769	534
477	73
609	230
650	493
545	297
709	421
701	145
687	243
803	382
559	195
782	508
858	415
208	52
612	578
695	338
745	143
769	615
287	272
436	238
742	6
723	216
879	149
484	404
791	117
577	176
870	470
886	555
889	378
205	151
822	662
399	346
211	2
780	221
534	97
506	385
471	175
761	251
624	232
457	154
870	488
740	639
898	449
815	41
504	441
848	331
117	66
706	252
430	340
814	514
897	139
433	160
576	54
389	56
635	583
500	130
420	204
591	328
204	128
660	111
605	239
670	74
776	440
791	695
820	40
556	10
631	111
773	158
606	542
740	439
809	422
420	314
498	308
863	116
736	670
704	277
474	313
492	467
676	153
605	4
231	185
477	44
267	166
704	689
185	132
540	499
645	448
569	90
332	177
519	28
161	54
775	678
822	98
290	62
839	667
407	173
614	404
642	503
682	174
376	268
457	218
890	328
805	15
682	430
251	106
298	127
814	526
405	121
622	507
861	350
517	353
861	269
690	270
536	500
578	233
223	19
574	103
752	498
650	576
698	471
795	267
315	129
634	625
775	724
535	426
544	284
899	7
611	469
577	568
882	774
893	7
715	617
640	109
368	135
533	405
778	114
726	352
475	232
265	115
322	48
782	69
392	385
836	81
322	249
401	310
799	162
364	164
425	423
518	316
726	61
423	351
219	19
896	637
635	450
366	0
542	26
271	71
765	392
636	609
890	277
740	147
284	13
322	188
832	805
264	30
628	514
776	444
564	342
129	21
404	307
370	282
645	474
739	25
344	210
825	415
228	160
808	472
708	72
864	509
799	303
845	816
827	107
631	320
823	101
717	126
834	221
766	657
511	110
466	356
798	670
778	388
34	18
726	146
388	211
689	551
613	137
766	167
425	398
794	688
391	284
467	439
516	430
859	17
542	197
293	43
702	541
570	190
697	574
743	402
840	5
609	358
426	81
883	634
650	372
608	242
496	415
368	328
403	210
305	229
414	162
809	653
683	524
798	111
733	11
695	440
594	249
141	11
456	410
657	268
723	576
411	382
586	252
234	218
818	92
744	708
398	201
392	162
548	86
692	318
315	202
652	410
871	495
226	83
653	579
869	190
832	25
834	372
826	319
860	125
608	116
558	161
202	59
478	32
871	479
676	235
542	541
878	659
528	479
401	323
825	348
725	29
485	355
504	422
890	816
536	339
576	499
673	330
336	296
472	326
669	459
520	263
568	10
677	616
674	255
700	441
804	601
557	257
362	170
239	211
895	315
503	332
897	120
709	244
872	456
623	261
706	17
694	653
785	195
491	2
676	565
282	271
457	223
530	198
786	391
330	289
506	401
816	143
847	270
528	417
607	383
820	294
670	41
640	350
396	31
504	13
640	173
501	424
170	85
466	167
851	336
713	8
420	196
397	339
818	49
484	4
762	634
641	519
475	145
653	194
270	56
278	189
737	643
411	181
877	499
546	482
177	162
630	559
787	323
561	290
787	358
807	273
889	271
281	104
765	358
484	318
293	269
375	199
148	126
707	644
657	158
553	132
663	653
493	184
869	589
889	771
185	74
605	187
301	192
213	8
793	79
777	3
825	531
641	619
689	358
660	131
213	172
883	72
276	4
105	92
693	123
769	552
839	745
230	16
757	124
634	480
782	615
655	120
639	351
774	455
692	17
294	96
890	192
495	425
237	77
686	66
748	618
881	358
555	467
820	627
676	130
390	193
495	10
437	389
398	10
849	760
387	67
458	361
832	56
698	219
275	8
568	202
640	240
177	109
176	91
322	15
790	710
633	538
565	333
464	443
664	430
300	91
553	264
846	123
873	762
713	616
748	25
438	381
343	312
250	153
876	550
864	368
458	101
471	317
216	56
792	109
535	155
366	193
801	58
444	295
835	492
360	301
767	493
699	685
459	11
702	649
841	694
295	271
747	578
676	586
569	308
109	93
423	109
828	745
898	641
861	69
758	544
671	226
770	100
407	388
475	146
891	93
644	557
652	274
703	662
813	256
160	55
897	294
817	350
270	184
334	35
670	279
800	492
888	637
643	573
752	195
720	337
530	477
714	504
706	657
813	742
447	355
243	206
821	629
359	89
457	31
73	30
898	24
857	190
244	233
550	103
663	391
615	75
853	325
488	329
851	296
809	363
842	216
514	64
477	318
876	601
528	337
899	39
648	138
702	101
228	53
861	754
167	152
335	210
465	175
324	233
595	411
648	22
615	182
805	631
758	170
590	571
255	136
470	277
657	61
690	318
489	474
651	97
430	274
462	302
846	101
277	61
885	123
653	314
702	419
736	400
691	622
801	474
822	815
619	259
888	210
74	68
840	279
250	91
598	22
721	5
474	196
716	665
676	430
565	92
614	447
448	30
744	76
603	565
668	83
687	302
724	576
338	107
834	172
598	15
526	316
757	728
444	220
867	422
667	280
359	322
718	156
724	532
737	220
290	180
233	168
333	65
897	115
692	349
648	602
503	493
599	546
436	223
623	599
558	482
694	5
205	188
696	489
732	1
720	53
838	736
417	153
854	576
132	121
291	143
831	658
499	108
463	33
797	256
786	88
770	28
773	80
698	501
603	182
633	483
602	562
704	673
819	442
161	42
899	308
333	192
549	178
749	146
116	48
858	639
400	337
728	586
511	291
775	407
861	55
611	228
826	334
778	541
665	293
474	100
473	174
578	414
344	100
185	177
560	39
127	89
898	845
584	24
646	310
878	647
173	68
183	49
430	232
556	156
891	785
778	124
463	165
459	302
472	315
891	643
463	55
699	680
671	259
883	758
789	445
561	150
724	68
809	621
819	448
889	490
566	132
780	321
815	364
620	490
360	108
584	473
729	16
621	611
858	284
415	243
872	362
536	53
772	99
823	543
859	102
666	414
671	350
584	8
767	357
500	49
713	167
654	48
571	377
836	794
590	484
813	561
304	195
333	94
684	217
807	758
767	646
341	196
893	512
270	241
452	54
877	727
860	518
881	349
352	200
538	466
755	33
425	157
739	135
700	191
581	34
875	693
548	89
284	94
760	449
468	84
879	340
839	686
599	584
856	553
805	565
641	354
858	235
606	268
842	107
839	120
639	125
559	416
360	305
761	313
801	435
681	39
538	382
580	373
773	749
524	298
719	702
482	325
632	438
817	155
832	665
892	406
732	244
230	49
829	18
554	34
693	330
760	256
639	461
622	413
683	485
220	120
226	52
519	503
381	176
800	203
493	482
760	326
623	488
535	471
872	516
648	85
643	392
124	122
748	326
577	450
597	29
754	246
744	0
761	602
738	525
188	1
469	87
454	207
326	47
818	441
216	161
203	199
765	312
395	12
577	115
477	53
446	376
176	81
742	439
335	50
627	418
670	514
715	95
158	151
814	135
337	330
484	333
622	388
790	632
523	86
293	78
456	228
881	438
689	559
753	389
378	127
700	614
452	292
800	573
397	139
560	150
626	540
727	296
863	370
857	715
641	288
394	217
401	333
326	84
743	512
536	124
838	340
191	146
884	765
471	148
514	349
529	136
349	99
649	554
696	692
808	588
608	163
673	533
560	449
493	334
297	260
837	760
775	589
139	47
307	197
358	215
785	682
335	20
207	23
849	296
369	297
432	396
204	169
167	18
876	791
366	187
290	110
618	347
850	449
389	71
314	205
668	100
364	317
284	209
845	437
896	361
288	250
610	33
794	167
681	225
658	81
226	90
630	311
366	203
417	338
379	300
731	450
361	331
767	332
802	454
153	12
405	394
830	83
452	429
867	568
269	78
449	213
142	46
809	726
546	19
186	127
594	387
896	217
513	271
740	190
826	134
310	93
780	391
781	17
787	188
895	42
314	168
756	539
283	238
603	216
318	4
778	404
674	188
672	167
208	107
173	19
71	1
233	220
275	30
514	378
40	14
620	9
570	557
741	446
845	23
191	160
849	83
410	297
881	55
159	151
790	678
833	288
897	874
530	369
651	32
664	295
218	8
831	81
881	858
767	225
516	265
576	327
410	136
828	251
788	87
633	621
456	256
614	416
873	627
712	380
640	216
486	372
796	620
708	170
220	27
315	36
648	270
855	535
896	482
778	675
549	141
703	193
340	8
731	338
359	120
882	298
540	156
355	325
734	429
842	649
687	570
526	279
721	383
683	588
811	140
229	156
729	232
710	95
837	766
883	218
441	387
806	702
155	90
723	409
894	472
351	44
552	243
315	8
722	56
648	288
859	131
116	17
769	264
752	742
90	31
674	198
754	522
674	239
353	8
607	121
769	507
253	213
784	207
732	182
772	426
290	112
765	155
702	14
697	667
625	82
587	485
855	481
521	394
643	603
449	226
721	251
452	83
162	16
304	156
391	161
659	576
359	69
614	72
311	197
16	3
692	427
838	545
234	103
229	92
397	220
683	367
837	308
510	49
508	285
331	17
456	67
279	188
712	188
706	549
624	37
795	258
641	545
765	130
768	55
645	84
654	162
738	340
620	334
440	334
652	436
301	261
497	14
314	262
862	371
600	374
480	63
701	210
758	519
705	587
885	131
39	1
827	451
591	465
861	209
874	45
107	101
675	89
453	121
779	609
867	627
390	120
539	415
737	85
547	27
896	93
299	284
99	80
622	337
866	298
291	235
234	49
383	278
371	2
496	292
242	212
541	25
516	231
520	75
284	177
751	287
877	128
692	73
499	116
879	359
751	296
691	641
670	658
596	270
804	651
758	378
846	520
215	152
798	747
545	363
693	148
833	403
826	568
889	43
876	319
300	272
667	174
852	582
659	370
613	198
311	71
800	169
796	182
705	389
281	17
677	37
172	77
866	97
879	36
841	102
217	78
563	355
866	815
117	53
681	253
544	155
332	314
827	142
727	330
859	237
398	103
256	62
334	187
101	10
847	239
558	248
463	76
307	156
173	134
725	185
587	78
439	338
803	517
811	507
854	477
398	262
746	609
706	285
752	322
557	193
206	110
680	628
711	103
572	311
790	635
581	484
513	480
732	551
505	217
793	83
706	103
108	25
774	210
891	185
638	298
820	311
668	316
880	51
603	597
640	380
534	263
203	96
829	619
891	830
488	271
866	615
617	107
867	468
332	183
563	451
480	165
550	113
435	56
856	392
646	574
865	664
841	811
841	839
296	147
832	625
848	171
754	160
875	558
762	111
645	79
896	607
627	318
561	504
299	287
858	116
786	197
558	219
805	556
843	771
604	429
512	438
892	560
635	523
217	127
717	298
605	553
412	383
471	108
373	175
805	486
133	19
614	557
827	90
895	843
816	810
108	12
867	547
361	23
393	89
854	851
795	777
715	556
579	434
830	58
700	572
757	508
516	94
685	148
478	184
851	405
749	250
657	546
639	28
762	308
744	278
394	258
515	118
875	793
813	478
247	27
700	682
595	140
584	446
883	158
117	3
655	223
293	19
687	504
817	188
793	114
872	230
328	303
489	323
678	569
850	358
869	165
463	88
311	277
501	99
659	91
444	178
683	400
858	75
516	311
494	164
886	833
219	124
587	26
880	586
585	105
264	182
859	24
659	78
619	193
128	108
474	31
361	5
712	218
354	211
565	346
695	164
672	449
580	529
204	143
824	183
732	362
418	383
836	569
774	747
659	621
892	635
385	240
854	320
718	651
615	403
319	261
534	454
497	303
808	394
787	756
650	129
754	5
839	378
461	171
464	315
789	541
42	28
765	366
859	648
614	388
717	184
720	544
565	32
758	569
694	569
491	489
620	101
775	561
501	417
508	49
708	272
432	192
251	229
626	246
459	64
167	83
524	349
298	86
215	43
864	381
888	409
448	270
584	209
654	125
317	194
144	124
795	119
278	141
648	234
836	390
549	327
356	337
649	236
700	89
601	227
603	116
334	324
449	126
686	182
888	452
872	544
584	351
451	285
529	362
556	400
803	187
473	440
549	522
680	542
849	36
284	178
394	315
655	125
762	667
327	164
899	0
586	204
667	612
611	140
795	581
494	468
667	271
743	490
716	406
859	402
489	46
146	78
323	35
346	158
783	538
720	506
640	116
350	300
839	442
593	210
796	405
723	191
879	365
310	108
615	579
546	367
839	611
651	82
819	543
717	282
233	109
654	379
170	91
407	313
669	621
768	681
787	504
847	637
804	793
400	139
687	644
739	414
595	315
872	308
713	95
423	330
668	54
140	36
732	100
830	279
861	235
873	6
470	173
416	110
425	371
655	424
594	70
640	479
628	65
877	657
820	32
451	122
602	311
822	113
338	282
293	236
742	653
711	521
502	3
529	478
735	656
678	220
636	624
888	493
654	444
471	455
671	512
841	67
816	479
862	762
704	645
461	194
506	196
556	492
442	203
197	113
537	234
492	146
789	519
363	282
294	206
850	387
312	251
706	270
722	219
365	28
679	470
609	310
441	252
862	854
842	567
639	386
723	493
836	752
769	245
831	522
866	716
652	407
596	533
658	302
658	336
388	338
887	853
859	48
322	99
296	244
838	283
212	145
844	625
467	155
533	495
865	543
659	397
513	258
459	255
793	431
813	370
310	162
292	98
729	514
747	114
828	811
487	178
694	300
346	12
306	276
753	241
589	184
310	24
489	181
709	153
622	227
464	133
848	614
737	27
891	725
592	216
497	316
537	46
779	677
807	205
394	132
778	243
307	215
455	372
575	485
830	377
833	115
654	244
863	201
525	343
235	130
404	369
868	800
514	123
735	282
176	69
823	682
457	351
531	149
709	321
832	104
646	462
472	352
630	580
802	448
565	445
419	135
878	717
344	250
483	476
494	284
564	346
653	473
641	88
867	596
284	157
429	412
794	76
424	195
854	332
584	131
701	298
651	461
489	264
444	335
405	239
327	315
759	649
873	113
335	167
892	228
194	68
219	5
714	564
475	22
514	324
772	328
654	403
883	25
581	16
788	475
739	609
373	222
833	467
731	598
534	55
879	488
863	587
868	95
511	1
