200	169
178	166
207	67
218	1
323	310
369	363
325	119
88	70
218	33
313	64
197	69
79	0
289	230
59	4
370	344
245	55
338	336
374	193
302	277
226	69
337	82
368	71
332	220
161	23
200	7
247	108
322	211
373	268
370	181
294	138
245	193
365	313
305	223
150	39
343	308
296	31
346	204
259	62
204	133
324	249
398	29
283	206
365	6
234	124
398	188
318	248
335	182
391	6
290	68
272	264
223	25
287	213
166	42
224	216
244	50
363	86
319	248
104	79
316	118
221	59
268	48
155	8
242	10
104	74
329	195
151	82
373	320
337	217
353	32
262	227
215	2
291	65
323	314
291	221
298	229
369	251
235	64
310	168
365	208
341	146
303	199
362	76
331	160
198	188
196	25
346	72
352	147
301	106
370	151
295	292
336	59
160	65
230	92
331	68
224	196
202	131
313	138
109	104
66	26
36	8
180	31
258	29
355	339
340	336
209	188
158	24
295	117
90	24
76	13
316	207
340	256
79	18
127	93
297	211
312	220
273	252
149	34
374	226
174	172
94	90
347	337
326	279
229	215
86	49
336	218
296	274
253	5
391	99
394	128
373	243
381	343
274	30
341	97
260	14
367	12
261	254
170	153
368	68
311	30
388	238
185	153
28	2
375	79
259	82
375	308
196	13
396	19
95	60
322	243
110	74
349	178
154	127
100	7
205	120
362	263
387	201
272	236
213	169
324	241
160	8
344	272
331	48
283	125
295	135
270	159
389	250
302	289
335	211
260	107
155	38
118	52
234	166
336	306
190	19
158	105
300	103
321	143
383	100
324	245
216	164
154	108
311	14
220	16
386	5
316	6
391	314
395	379
342	170
303	239
338	3
374	195
390	156
274	139
133	34
215	42
373	12
344	276
129	33
359	288
327	242
339	80
266	150
257	254
231	115
330	171
153	128
238	159
357	188
327	153
355	85
319	70
382	221
73	20
314	7
395	310
244	69
372	17
246	123
110	97
338	323
288	212
192	87
43	19
259	106
286	138
334	49
323	225
373	369
270	182
386	209
328	296
220	121
300	124
390	25
197	176
394	152
164	128
308	80
154	109
185	101
385	45
324	280
352	53
299	209
388	321
185	137
235	186
231	193
387	314
218	97
254	128
354	319
265	114
375	220
166	130
261	24
291	129
314	77
280	189
399	53
210	42
277	205
263	71
183	64
193	187
225	17
72	66
183	155
350	184
262	195
216	136
286	93
220	137
222	191
83	80
387	88
14	7
353	295
340	54
386	53
173	109
396	75
373	229
215	32
201	152
292	123
288	216
273	9
236	142
153	92
107	3
157	128
298	128
86	77
209	117
347	245
175	174
341	203
105	103
323	176
183	133
188	76
311	117
191	42
167	3
257	157
323	84
280	123
126	20
361	332
12	11
176	114
325	172
263	17
254	143
222	115
253	205
215	64
160	66
367	13
243	194
212	158
393	251
373	175
199	172
290	8
134	25
366	36
364	76
361	121
126	70
272	247
317	39
364	234
385	58
371	79
364	35
284	42
237	229
142	57
380	141
373	34
356	32
363	292
144	53
331	275
264	215
272	199
179	144
327	51
372	42
270	71
122	7
214	119
254	36
350	142
335	229
78	31
381	242
349	172
252	6
342	315
131	20
375	158
320	124
152	71
164	22
213	23
42	10
104	2
287	248
336	137
189	125
264	199
290	177
392	343
308	223
275	200
333	139
363	346
149	31
324	243
298	124
122	46
259	4
308	81
190	17
297	240
91	21
272	201
349	234
268	135
282	273
158	65
275	168
386	310
335	268
321	296
239	150
212	13
204	198
322	11
399	111
270	100
280	9
176	155
160	43
232	15
79	73
398	131
312	11
150	61
288	170
364	55
381	159
324	81
145	127
270	203
270	232
395	388
31	19
386	165
327	99
357	263
266	43
347	142
303	267
279	125
389	276
368	230
236	38
318	123
168	5
141	62
20	9
214	43
296	66
88	42
287	67
113	12
321	119
137	36
214	186
185	13
345	293
347	291
392	189
394	261
341	276
163	17
156	58
161	141
354	10
323	93
355	43
240	44
12	7
354	284
277	269
238	225
376	195
355	25
174	44
292	172
327	119
396	31
379	3
328	306
321	0
170	136
320	311
356	267
392	279
140	81
161	147
303	301
165	92
202	67
376	197
66	14
389	328
256	228
268	98
363	258
375	166
269	87
332	57
253	66
321	50
182	148
136	4
324	18
170	146
293	252
112	77
153	71
334	154
355	167
373	257
108	97
360	76
357	148
218	55
128	26
393	337
281	26
344	165
270	28
399	18
237	115
186	114
148	101
394	77
387	34
280	157
161	48
132	61
73	27
219	101
333	265
359	338
197	129
63	41
178	168
361	246
128	89
167	97
359	341
239	218
221	144
272	224
283	197
384	334
142	47
219	39
195	97
239	75
327	205
395	144
345	298
91	62
129	26
147	124
222	60
300	187
307	163
248	106
35	31
193	191
276	212
303	287
211	204
239	42
223	151
166	55
284	217
142	26
372	73
321	82
132	64
225	6
255	148
351	29
226	7
380	211
59	32
97	58
223	81
339	74
346	331
275	234
393	245
110	40
161	82
348	23
253	214
121	26
209	2
376	105
384	15
350	329
249	136
348	259
175	49
374	142
276	115
343	70
256	59
163	47
395	58
379	58
391	251
258	114
224	102
141	83
352	50
245	98
258	229
314	73
274	45
336	24
81	60
358	12
251	149
222	161
119	14
253	95
335	264
389	257
243	33
228	105
130	121
306	24
359	276
324	309
257	114
395	121
192	68
363	62
119	36
220	165
159	70
109	72
331	247
230	117
239	129
235	74
77	43
337	290
220	139
343	118
349	44
47	44
195	83
168	141
392	65
313	59
59	20
116	18
390	224
280	28
118	60
361	23
398	354
282	128
237	106
373	181
125	68
372	184
378	333
82	37
257	192
291	10
110	54
78	76
373	372
368	306
340	42
296	251
349	55
397	301
162	57
261	182
303	98
298	210
195	43
330	140
79	78
165	121
290	146
74	59
264	185
288	10
112	68
383	298
270	86
229	202
61	9
303	65
238	87
396	102
276	131
123	56
194	184
221	35
305	232
78	11
392	67
347	176
116	105
140	59
150	8
397	294
290	98
235	40
285	136
118	39
178	162
249	74
243	15
312	286
267	254
219	43
352	284
384	23
304	49
139	115
295	65
295	153
131	40
260	249
345	114
173	97
355	106
254	99
194	23
360	204
179	25
332	327
238	60
205	122
358	29
165	13
391	183
267	155
258	102
235	231
369	102
169	85
336	67
321	64
332	159
396	95
319	37
221	203
94	87
73	13
338	240
79	39
190	15
355	45
314	28
231	76
260	157
198	21
323	117
204	118
296	181
317	99
218	69
392	175
310	286
275	58
342	320
99	55
232	58
293	189
153	84
274	196
101	9
155	126
211	22
102	20
99	23
266	169
237	101
398	196
154	117
40	38
323	57
195	2
245	9
108	62
262	129
215	211
203	46
197	60
396	283
208	199
147	114
325	260
391	243
311	29
286	249
250	47
365	85
326	117
164	52
299	298
329	57
380	22
250	69
380	271
366	184
334	173
366	90
378	282
301	112
38	15
333	212
36	16
128	71
357	84
130	29
380	176
195	91
334	50
340	27
297	266
168	92
353	64
270	178
380	330
385	218
368	110
377	212
393	19
257	54
347	266
64	2
316	278
39	37
258	9
265	137
335	6
305	258
253	135
305	253
158	75
342	294
389	132
357	143
264	170
324	237
329	18
271	200
206	167
388	341
266	19
169	148
77	1
352	10
350	180
135	99
216	204
275	262
375	108
372	38
246	219
188	75
259	210
116	79
392	207
270	231
329	295
288	203
364	29
366	301
301	234
367	264
354	74
310	133
72	60
159	6
241	95
358	126
354	315
306	222
254	32
220	19
101	34
120	73
212	145
356	209
229	184
389	291
136	53
346	334
327	131
292	0
277	240
288	177
319	93
174	128
397	147
150	6
39	23
311	188
295	238
310	297
224	166
235	1
278	236
275	247
370	255
191	174
251	166
179	13
374	271
307	152
316	273
307	111
238	149
76	58
272	232
338	332
302	79
246	126
264	230
24	23
344	190
149	68
279	50
191	112
309	66
151	125
337	158
399	284
376	78
358	70
399	156
321	318
381	24
336	183
389	264
192	180
381	127
358	26
381	31
253	124
211	26
269	48
84	5
216	54
183	131
169	23
297	236
244	54
245	94
344	268
292	113
210	104
233	65
124	70
315	95
389	129
193	176
153	47
385	376
380	231
377	168
218	207
377	29
279	83
315	251
397	88
160	42
235	221
310	139
206	184
376	191
396	134
231	91
214	151
134	86
326	301
312	15
342	21
391	264
264	74
396	257
243	134
261	190
214	62
309	77
333	135
137	17
397	264
355	124
379	292
375	205
279	175
326	267
121	65
89	78
303	208
169	134
272	148
341	183
257	32
323	123
205	23
329	283
365	229
325	198
155	118
389	283
156	39
248	170
293	135
163	128
325	126
223	138
88	3
246	46
352	314
185	145
360	177
314	0
352	232
326	147
324	188
235	146
178	3
367	263
134	47
325	286
399	364
175	31
89	43
186	113
215	132
344	52
247	148
332	158
223	82
348	328
399	272
397	167
281	253
243	223
218	209
398	206
373	174
162	83
338	315
24	13
29	2
289	196
135	133
256	99
148	18
167	116
335	8
170	82
392	100
255	171
138	22
340	276
376	326
245	198
187	66
111	66
126	105
287	42
42	31
327	35
393	383
326	98
321	250
333	45
369	353
284	30
213	187
390	55
307	6
366	27
211	126
324	162
159	35
295	0
304	94
178	172
372	307
369	315
170	81
184	155
205	110
34	5
355	295
340	116
88	46
304	213
313	172
388	264
374	124
174	93
209	4
340	9
344	267
213	145
390	38
301	75
264	156
26	25
193	13
207	186
204	87
396	259
231	33
248	83
395	48
355	56
278	74
257	194
178	14
338	214
388	352
99	56
313	292
96	16
128	37
361	129
297	246
391	344
348	346
297	129
145	0
187	96
58	24
212	182
277	201
186	155
343	227
193	133
157	131
377	114
91	56
342	231
372	243
17	3
341	236
37	19
376	342
258	209
206	66
303	273
239	44
272	191
166	67
211	97
42	29
375	118
179	96
157	47
290	148
356	284
389	163
187	30
254	165
315	102
147	1
390	215
360	263
323	77
14	4
364	267
181	118
162	66
122	29
360	279
351	211
396	116
199	48
391	45
300	87
243	177
379	107
337	24
382	357
311	161
354	209
175	98
142	107
393	389
211	176
125	115
113	70
351	347
360	259
182	50
380	238
211	164
143	80
209	159
282	261
241	10
156	155
316	264
352	269
144	123
287	164
144	110
228	148
188	101
257	31
376	116
282	188
202	129
367	327
314	80
346	14
296	195
99	44
334	126
371	156
390	181
331	70
378	45
297	214
327	226
342	20
150	86
392	85
386	248
304	2
397	93
352	75
300	5
137	103
399	145
318	240
288	166
151	40
388	65
103	84
305	196
141	26
357	218
236	206
181	166
157	2
196	84
225	54
112	43
168	33
290	279
289	162
212	176
269	134
350	258
297	264
340	156
223	215
392	182
101	74
395	346
381	369
190	79
358	262
325	79
103	23
217	79
182	107
215	169
294	158
296	190
267	103
311	229
39	5
379	51
298	275
373	296
277	45
160	78
234	0
231	8
349	46
298	232
394	0
87	71
260	222
244	91
251	237
199	136
227	32
204	131
134	91
228	71
295	13
157	48
209	64
351	164
368	333
350	347
299	32
268	246
285	234
325	37
137	100
388	69
196	117
353	43
350	117
292	213
217	8
70	67
187	103
366	303
307	65
344	31
170	103
272	138
396	200
218	175
339	258
392	9
393	328
213	204
360	26
200	161
311	186
210	117
244	31
308	142
314	148
364	125
71	65
194	20
325	116
321	81
61	20
178	23
208	145
198	44
322	198
268	264
201	165
399	139
95	4
291	239
339	15
140	49
266	249
209	109
261	37
373	281
192	151
289	260
292	159
302	188
216	110
196	172
343	305
328	114
346	87
183	35
383	365
310	233
204	42
299	105
371	86
320	189
253	242
285	195
384	287
283	27
28	3
324	78
263	61
127	118
393	174
312	235
237	71
190	35
257	215
210	91
213	22
257	236
147	66
199	194
114	30
209	182
93	52
275	3
146	12
287	143
152	67
145	37
52	49
69	42
178	91
295	176
297	131
140	46
299	263
219	45
268	245
196	189
110	24
374	58
225	222
217	14
116	19
208	144
212	8
316	140
276	162
384	288
336	225
328	298
263	194
387	377
357	317
264	45
245	6
157	134
162	46
356	340
329	319
254	31
388	269
250	135
376	126
119	82
199	139
207	194
279	3
150	126
223	94
388	195
230	59
396	340
383	234
79	65
321	256
380	191
307	107
323	263
385	188
231	159
124	80
313	160
213	144
180	163
384	295
177	147
331	128
253	97
369	8
329	217
372	43
355	332
363	348
206	49
180	69
337	106
305	236
360	289
62	34
315	28
150	38
177	46
273	174
357	150
315	298
220	190
293	18
217	153
284	156
211	7
391	385
103	82
377	137
284	200
286	77
267	171
260	253
322	171
390	366
134	7
121	12
183	25
367	156
261	156
374	123
388	140
388	86
249	151
282	207
299	249
399	223
313	291
378	118
283	175
32	18
316	71
379	240
163	91
397	12
393	305
208	101
395	304
395	308
340	85
394	228
326	75
258	19
217	44
228	188
394	311
336	8
269	117
76	6
264	238
323	264
399	206
298	270
252	172
110	8
123	95
315	160
108	81
239	152
45	6
386	88
252	236
172	86
396	230
18	16
297	243
142	48
128	1
263	125
373	79
358	44
123	88
254	214
58	38
316	292
380	347
313	234
321	157
361	237
260	162
263	220
150	142
267	260
344	305
145	134
208	38
105	0
147	44
384	348
196	170
114	44
169	107
365	108
59	51
195	103
96	40
258	178
145	16
395	119
364	165
116	65
265	49
235	180
174	170
397	127
376	27
233	40
346	273
135	108
203	190
386	288
364	305
362	110
338	134
328	24
386	333
387	386
367	189
322	141
169	45
376	176
390	12
35	8
309	120
350	317
272	103
352	225
56	11
352	179
393	149
291	263
340	339
335	70
371	218
355	304
219	49
215	105
204	80
367	200
303	101
367	115
366	170
382	128
357	185
145	110
257	75
376	235
229	11
96	79
392	11
300	20
269	201
301	24
228	193
395	279
236	39
253	133
274	240
305	167
104	40
317	138
235	164
226	41
270	43
243	19
213	44
242	39
343	210
210	101
276	11
288	57
273	141
399	59
143	85
257	87
366	6
325	58
49	38
102	59
376	262
197	48
184	73
181	130
326	69
231	58
222	208
227	210
176	8
172	102
183	146
394	300
270	221
209	120
182	86
325	124
159	2
375	61
343	82
250	241
322	164
381	125
343	257
338	129
395	19
206	136
269	264
368	214
282	54
290	11
63	12
277	183
186	109
289	185
215	206
180	118
332	202
192	132
318	97
361	352
350	67
219	188
363	245
134	115
110	43
311	62
38	21
218	177
208	181
273	132
397	206
196	124
166	39
287	234
371	1
78	3
381	348
323	80
334	32
48	42
311	244
362	161
244	190
389	93
369	172
235	183
379	290
217	125
268	240
365	171
396	169
344	102
283	87
326	296
387	207
285	112
180	166
97	18
161	121
6	2
384	200
367	60
215	160
315	175
124	48
273	251
294	168
364	252
260	71
396	161
289	146
207	36
219	182
251	67
336	106
153	134
350	307
294	223
177	149
260	127
156	38
233	205
76	39
265	204
163	121
355	253
57	30
261	51
337	315
327	158
247	103
358	9
253	113
293	259
228	126
357	130
244	240
240	210
247	205
384	159
223	24
328	102
52	39
337	19
348	35
146	113
181	148
134	22
365	31
172	4
222	215
380	122
57	13
157	50
388	51
345	32
352	13
379	111
327	62
378	89
266	111
160	126
256	37
383	271
272	256
243	205
277	158
179	38
267	50
224	36
201	105
245	105
347	234
129	101
353	322
180	11
237	82
261	38
203	174
229	171
213	212
212	207
275	121
321	245
52	1
121	35
311	191
192	145
137	95
376	123
357	216
385	24
95	25
375	334
379	189
397	322
368	352
228	81
206	67
233	33
389	287
377	8
387	320
278	227
354	64
246	208
350	72
389	252
68	2
286	239
71	70
366	322
184	76
391	386
101	62
332	227
322	312
124	71
301	186
324	272
301	210
236	222
14	13
282	214
258	242
44	42
359	82
353	349
245	189
327	186
358	86
248	242
204	91
344	172
325	136
79	72
294	240
139	123
328	62
299	103
301	46
131	49
281	128
213	150
119	28
324	115
225	99
307	102
345	157
365	163
294	251
200	46
159	99
209	177
45	9
234	42
348	304
174	82
393	261
257	147
290	33
216	192
200	139
133	30
342	229
293	176
327	255
374	263
196	17
197	138
374	103
100	82
119	46
349	92
332	133
333	232
397	134
111	74
235	175
57	17
236	51
391	47
281	36
86	39
278	230
255	41
82	40
317	211
36	20
343	240
224	16
75	53
128	5
159	79
350	4
368	11
275	27
370	286
163	162
223	168
350	127
375	207
239	134
205	129
170	99
282	253
203	10
113	26
293	183
168	94
395	114
341	139
397	40
304	42
331	182
269	42
357	39
366	208
333	229
326	305
172	166
314	284
354	37
288	95
380	323
347	239
231	79
387	181
212	52
316	271
274	185
193	101
352	256
98	70
340	314
330	168
160	116
256	202
95	93
87	18
262	193
121	15
381	156
327	140
155	52
165	36
194	53
218	137
65	54
213	123
327	123
200	47
392	291
377	221
209	108
142	130
335	202
353	307
234	189
397	155
265	208
234	29
369	217
254	102
317	297
153	3
348	253
219	204
297	115
293	5
147	58
209	179
130	40
262	23
344	119
201	92
254	89
263	225
126	11
190	74
336	204
253	44
250	188
254	202
259	137
372	136
374	239
209	98
376	357
302	116
326	195
358	18
237	104
97	0
367	151
49	44
378	377
377	191
366	83
250	181
392	229
310	111
385	114
285	9
364	32
220	76
335	117
385	110
158	145
185	146
286	126
381	61
177	118
93	4
304	172
316	180
66	46
383	268
277	217
351	145
233	197
377	252
340	304
53	51
98	13
124	36
279	238
351	20
390	139
117	4
333	39
379	225
344	179
238	207
157	61
342	73
79	26
204	112
156	135
355	276
273	93
325	56
313	217
189	51
147	51
272	176
377	328
249	92
257	253
334	286
48	33
47	8
310	104
311	26
339	2
332	58
169	141
232	118
260	176
181	22
341	99
365	121
187	71
393	103
347	186
255	188
318	106
271	126
183	62
344	171
200	123
110	72
21	6
269	110
274	77
240	171
282	46
300	76
52	31
177	148
107	74
245	166
355	87
168	108
360	274
284	259
232	25
62	1
290	231
273	161
29	20
338	252
287	177
200	186
223	95
142	127
348	130
148	85
274	202
286	31
168	131
131	100
197	102
264	75
362	57
105	17
268	249
398	118
202	136
371	304
200	44
324	160
374	148
144	130
293	105
165	17
363	251
140	62
372	96
110	14
50	28
234	35
174	54
353	114
202	102
256	17
72	25
307	161
248	190
106	62
360	298
111	92
362	160
142	82
361	116
378	328
299	148
344	146
332	74
84	69
172	38
249	163
196	8
244	233
355	297
354	295
75	22
143	94
281	32
260	89
250	160
353	72
370	188
148	91
338	117
275	270
345	231
386	68
199	178
382	66
223	100
350	122
249	180
382	92
374	359
343	234
225	29
101	69
154	40
397	235
321	2
186	23
375	322
327	246
313	4
157	99
311	141
94	44
339	108
73	3
151	50
281	171
358	15
149	137
50	9
225	57
255	4
182	111
171	141
294	19
322	268
243	152
373	220
313	271
287	198
232	147
339	195
250	40
372	146
231	214
284	50
202	59
324	122
118	69
285	270
186	124
310	77
367	213
330	313
138	51
179	35
81	3
326	12
399	79
192	35
338	195
182	113
72	42
274	232
397	359
351	133
333	220
215	102
122	95
352	103
390	71
336	253
169	80
285	52
293	10
241	132
319	79
336	37
244	30
372	323
369	270
351	48
269	266
160	127
239	223
266	98
188	149
71	49
335	271
374	309
331	109
310	189
241	121
385	336
286	42
193	88
362	289
309	144
281	175
259	148
87	30
130	125
322	236
306	177
257	245
138	107
163	109
191	20
262	155
344	122
259	127
356	258
313	117
370	358
377	210
117	37
277	93
101	86
262	239
240	98
177	23
262	159
340	212
314	22
245	208
274	257
101	42
189	126
139	91
220	122
100	65
229	156
320	52
236	195
301	31
145	60
379	376
217	77
215	136
235	114
311	236
323	256
256	73
362	356
384	151
251	146
333	297
109	82
187	136
370	34
154	38
278	117
318	164
135	132
358	99
283	127
375	262
340	243
353	253
333	98
391	203
311	124
69	29
260	146
199	156
134	35
64	31
141	119
359	227
399	190
101	68
186	18
370	284
264	93
368	362
381	206
166	34
306	198
384	218
377	281
334	89
304	142
377	54
306	149
89	38
384	146
368	109
336	131
387	191
70	30
381	370
355	152
60	38
211	80
163	149
236	91
397	307
340	137
237	225
336	89
261	10
312	267
396	281
252	25
353	97
266	107
367	41
336	269
315	89
251	125
194	43
353	267
369	41
392	381
331	51
322	49
281	211
211	47
356	246
48	32
233	131
202	72
355	81
329	64
364	175
164	138
164	105
143	22
294	49
266	205
350	255
336	46
244	84
231	90
231	140
309	71
379	172
365	63
28	16
117	38
244	72
96	12
373	114
359	254
334	169
376	280
309	220
368	165
329	68
337	18
167	11
217	194
399	93
268	95
227	112
350	26
273	179
334	240
209	16
279	48
285	245
85	48
68	16
343	173
280	130
213	59
215	113
184	138
315	90
394	371
373	55
305	23
329	139
325	32
337	286
184	174
249	197
378	136
254	108
278	129
271	263
364	226
293	73
122	65
223	20
395	239
166	131
176	41
294	67
329	255
361	343
305	83
244	161
239	176
388	93
392	217
175	8
109	85
82	31
278	78
289	255
37	7
323	212
346	116
221	154
364	236
25	2
125	53
322	317
58	48
386	261
319	183
317	225
333	155
294	56
130	115
297	231
239	155
288	247
276	82
311	6
352	93
382	7
154	56
275	70
278	151
282	266
283	147
271	236
372	356
294	112
293	156
143	127
389	148
298	144
384	104
326	211
331	170
306	66
367	303
384	58
88	7
106	57
385	94
331	302
346	49
324	271
337	201
372	66
374	370
376	324
102	29
287	77
396	324
393	317
343	233
251	18
376	119
354	221
253	170
203	25
286	71
346	96
158	57
390	134
351	3
383	237
344	10
225	166
296	284
226	180
45	30
269	115
239	72
353	280
394	42
318	103
231	87
328	282
49	48
377	223
63	27
95	81
357	210
393	151
152	44
271	240
394	13
271	234
360	306
165	23
250	29
368	210
317	86
228	91
190	110
325	208
243	55
201	146
383	259
248	75
381	39
308	99
195	120
161	26
374	302
123	54
373	291
212	85
280	77
353	261
236	67
293	272
385	29
255	179
359	104
119	35
257	230
37	27
301	48
328	13
228	75
368	330
297	92
199	40
357	174
71	27
292	53
294	47
272	170
293	19
263	245
361	177
257	233
178	13
314	126
354	302
108	99
274	43
370	195
230	159
342	332
122	26
299	48
117	80
167	95
296	74
351	174
256	123
55	18
340	245
337	13
79	74
114	47
375	319
389	284
161	134
315	157
372	109
387	157
339	12
345	119
393	124
314	220
374	129
101	30
310	204
301	47
301	133
288	54
279	32
216	148
46	39
108	32
244	37
181	141
386	166
339	279
365	281
376	315
349	204
229	9
339	271
244	172
362	106
271	232
184	36
313	279
304	93
376	333
280	105
248	171
387	6
312	270
356	193
296	221
103	17
25	15
173	172
127	48
311	245
343	116
92	61
78	37
218	87
298	123
344	259
289	175
360	294
300	109
365	76
347	75
166	92
167	163
213	116
137	133
384	274
272	222
76	30
281	112
70	27
192	52
314	232
323	48
194	112
113	47
379	356
312	297
313	253
280	198
246	82
263	198
304	132
103	86
189	28
315	216
238	217
258	53
238	25
136	126
125	75
366	139
166	163
208	58
329	165
293	241
296	278
90	63
243	221
221	118
212	35
388	29
299	199
338	57
382	107
223	145
301	156
178	123
335	57
258	250
256	6
312	309
228	161
279	70
304	240
321	303
207	9
209	119
363	69
361	284
213	192
260	191
114	113
225	209
187	39
398	181
339	255
286	87
201	63
299	169
251	212
233	164
254	75
219	201
356	19
325	93
218	26
394	177
278	51
384	204
209	128
157	141
352	80
329	135
265	125
284	112
152	100
339	83
107	43
351	219
311	277
102	71
203	45
358	40
98	26
234	122
362	55
202	181
371	81
308	242
319	149
254	146
304	267
222	12
291	85
361	270
146	88
388	156
352	120
369	214
288	131
344	174
297	165
277	42
207	25
280	36
364	293
321	274
309	239
257	115
321	107
376	159
308	176
328	274
151	12
104	15
299	179
234	222
72	7
363	28
88	55
111	79
269	6
114	0
168	57
344	76
280	173
160	115
357	64
343	56
348	69
354	215
173	16
383	76
241	153
191	98
353	39
189	42
231	31
289	212
369	158
252	98
266	191
123	24
293	82
182	124
271	154
140	15
121	39
266	242
295	100
178	154
293	120
290	219
265	29
390	343
381	291
360	195
104	78
382	285
209	50
169	129
335	126
379	145
76	44
336	150
316	124
60	17
208	42
38	27
392	290
347	293
169	123
230	96
144	76
398	252
245	138
222	112
375	144
119	98
332	103
395	83
370	267
376	309
149	98
370	368
352	115
253	47
344	48
310	103
144	69
206	187
399	221
232	215
354	80
276	269
144	141
137	116
36	15
276	80
214	36
225	117
377	287
176	120
369	289
268	241
281	161
204	129
250	240
149	135
373	170
344	169
168	63
209	165
328	112
319	86
394	142
272	172
289	3
204	111
362	172
272	42
377	123
19	12
215	18
180	178
53	21
382	24
209	183
256	5
146	108
245	106
324	82
257	123
253	26
383	114
183	96
223	200
381	58
237	212
166	82
78	12
340	19
278	171
264	98
101	88
315	257
369	142
241	231
374	34
109	51
209	71
359	8
330	94
336	312
298	247
361	243
308	145
393	164
358	284
64	49
326	163
333	67
156	26
319	284
333	244
333	226
216	151
392	92
284	13
169	124
192	91
348	239
367	196
386	71
114	33
270	145
201	102
148	41
317	21
106	85
161	136
343	320
243	68
341	178
218	74
309	135
249	107
325	276
320	107
90	37
214	155
294	241
199	44
345	297
162	159
146	76
197	116
217	51
393	234
165	62
206	17
357	209
16	15
367	34
130	82
363	24
375	60
293	250
332	108
326	170
380	220
389	194
139	15
398	345
317	245
83	38
355	218
292	15
207	89
291	231
75	41
383	197
383	178
224	20
300	21
289	170
320	266
184	118
380	306
220	1
149	67
273	69
108	47
293	106
213	21
44	28
268	244
350	10
224	116
385	326
181	89
379	131
241	232
376	303
266	148
342	197
118	68
348	170
133	52
155	48
251	121
56	16
353	18
40	8
377	373
48	11
331	198
162	62
338	6
100	76
305	100
169	37
288	224
81	59
266	207
230	25
295	4
278	114
66	48
387	27
190	184
41	24
284	3
266	194
207	69
328	290
359	49
310	160
132	123
326	38
392	283
293	35
44	26
304	150
356	304
337	6
240	172
380	100
262	106
272	69
320	14
273	50
161	8
287	43
129	87
346	44
388	207
354	233
152	75
298	196
326	55
269	131
285	89
202	138
113	88
200	199
250	17
232	18
90	4
365	296
79	20
183	126
215	73
385	236
298	211
361	169
301	227
353	254
139	10
281	79
176	48
167	42
339	167
292	189
346	193
279	213
49	16
365	310
233	37
374	79
340	92
187	173
281	16
343	193
94	24
376	124
390	346
293	28
346	249
224	1
377	300
380	229
350	48
141	81
256	81
67	33
318	36
382	29
361	316
357	8
356	29
64	51
278	250
252	166
115	32
164	106
371	116
162	89
235	33
348	268
361	91
323	201
255	151
270	122
201	120
46	27
198	38
366	94
302	107
312	243
280	75
395	293
27	13
255	99
301	232
54	13
347	247
147	52
22	3
354	264
293	196
160	11
363	239
242	57
193	52
203	175
392	130
269	228
274	84
289	16
286	188
382	120
335	300
314	199
306	278
335	175
332	127
140	16
374	0
247	185
343	0
195	27
222	46
263	205
295	95
210	23
301	146
185	170
390	168
342	236
336	220
200	72
302	3
258	157
310	108
336	334
272	225
240	122
333	99
68	52
335	127
322	172
191	164
177	92
386	302
360	206
195	63
209	175
183	99
314	278
231	172
219	198
345	302
338	91
251	50
398	154
86	2
67	15
148	129
294	52
213	52
93	24
184	8
231	221
264	8
149	115
109	75
40	19
392	188
287	133
201	132
233	166
231	212
255	110
372	230
104	62
161	115
374	245
323	92
93	21
212	102
211	17
325	106
276	75
101	22
393	346
182	163
285	211
286	167
188	5
373	218
350	242
160	74
347	226
137	111
118	43
198	143
236	56
288	225
161	99
102	90
225	42
228	160
264	119
11	5
368	115
345	74
338	257
366	181
240	105
307	50
121	78
311	206
101	44
292	223
73	60
304	277
322	299
266	153
346	20
299	60
358	21
157	122
392	82
389	122
329	293
191	8
335	180
331	269
350	336
269	2
354	214
325	147
350	337
320	126
250	8
236	78
331	137
134	14
223	102
259	197
384	144
355	191
396	106
365	332
382	161
168	6
325	169
173	31
171	31
232	14
365	244
287	66
382	254
296	124
314	64
74	7
372	260
96	87
333	130
383	214
193	14
246	232
362	88
238	172
398	12
209	78
273	113
356	233
354	246
324	111
286	154
211	113
136	101
251	148
366	327
298	181
278	98
379	101
266	102
349	144
141	127
170	19
104	77
255	57
384	92
335	222
285	18
210	29
346	137
319	237
271	73
162	71
188	17
220	94
340	142
120	83
148	96
298	183
395	202
232	95
398	18
397	77
74	71
228	27
338	83
336	84
375	157
201	182
398	272
342	196
323	229
198	62
246	79
313	109
156	151
116	49
231	97
370	1
237	163
394	163
253	91
297	77
384	87
386	158
379	277
98	73
376	91
382	269
273	157
310	30
330	11
279	194
271	194
300	121
279	107
347	123
373	129
213	135
384	263
317	9
252	49
253	42
240	151
378	50
304	287
101	45
201	86
394	170
389	340
367	223
395	129
234	67
88	86
251	161
222	181
378	197
91	88
300	82
331	22
376	43
381	304
305	165
123	76
394	234
185	10
346	27
385	263
269	84
314	271
126	83
194	165
370	157
399	257
347	151
288	100
280	224
68	59
240	220
380	142
189	71
119	111
208	80
291	83
308	293
304	247
391	68
251	46
205	75
343	261
198	152
379	55
309	115
355	24
326	46
336	206
127	55
335	207
287	168
312	31
350	109
256	237
367	294
309	147
395	263
263	228
296	121
220	61
314	31
395	140
218	40
155	81
156	62
391	139
392	213
330	236
267	18
284	55
178	19
353	116
321	102
342	121
309	139
320	12
100	89
304	71
373	141
284	48
349	110
289	180
108	10
394	327
112	42
350	210
283	63
85	75
294	64
394	340
389	200
353	347
168	162
256	169
239	195
391	151
236	88
309	170
360	345
54	12
266	83
179	84
370	61
110	19
338	185
241	67
108	89
321	190
296	231
162	5
282	161
378	25
295	258
369	33
287	60
210	67
220	200
232	59
330	67
191	11
340	33
235	66
331	24
330	83
237	202
323	300
163	93
119	97
167	126
316	191
364	288
125	83
371	341
285	8
328	284
285	162
195	52
119	118
299	76
256	231
382	244
367	195
283	191
379	94
182	109
284	140
387	253
285	258
371	3
185	160
270	96
292	6
207	98
56	20
133	2
271	244
399	96
333	44
399	327
322	25
344	263
292	145
235	213
261	212
312	248
219	27
267	123
336	163
325	210
318	276
368	323
102	94
293	175
230	45
285	276
327	273
207	184
366	275
305	125
194	115
242	123
113	23
150	64
393	8
340	77
347	209
275	51
168	153
365	113
63	36
156	60
399	240
215	197
370	142
314	213
189	161
67	23
370	231
384	233
172	26
271	174
367	167
194	96
267	75
197	125
382	224
227	56
150	50
308	137
118	78
171	16
394	218
348	264
272	87
280	66
297	53
382	219
210	103
390	237
397	107
299	219
137	13
74	5
93	85
326	290
143	50
325	295
195	170
366	68
272	106
303	118
386	185
284	74
245	140
211	209
244	35
332	146
162	112
287	14
258	212
251	175
311	285
94	8
305	283
224	158
240	156
218	192
249	44
260	250
311	288
376	33
361	37
371	234
235	11
170	9
399	149
272	239
153	63
121	42
269	256
249	26
221	220
322	177
200	34
95	37
359	348
221	84
373	54
394	222
362	80
199	51
67	21
252	123
249	168
281	157
215	161
236	126
358	147
396	300
110	86
328	76
348	293
290	57
376	218
273	82
185	95
382	149
397	333
325	76
255	141
143	19
379	362
369	254
340	334
196	47
243	206
289	94
383	225
355	22
370	241
306	294
361	248
142	106
368	179
363	135
289	139
177	15
224	56
321	291
301	22
318	227
281	167
386	16
297	51
213	81
286	18
104	11
391	345
397	295
320	9
310	49
356	248
147	41
325	36
353	136
12	2
193	73
206	85
325	84
352	16
169	167
90	6
228	111
356	279
125	46
171	145
237	152
371	195
140	2
336	300
110	60
325	121
212	208
251	167
372	202
166	161
97	38
277	128
330	191
109	107
370	49
307	252
244	136
312	47
233	138
246	33
345	8
175	47
244	132
197	144
356	262
279	135
389	293
218	142
227	129
204	178
116	44
78	52
173	22
267	174
133	104
201	153
161	131
33	11
257	179
187	54
331	188
255	0
184	119
281	5
290	281
344	221
350	171
173	85
380	364
256	42
233	123
390	302
199	149
267	52
344	207
216	119
372	264
106	101
375	374
386	105
237	89
246	130
32	26
308	200
334	249
368	283
79	38
310	34
221	179
287	33
305	229
289	192
344	1
322	145
270	60
278	243
381	71
286	124
106	79
342	271
379	150
242	91
96	41
283	72
233	56
121	21
342	68
378	94
252	109
203	74
190	18
340	49
105	78
283	100
41	9
273	129
230	132
196	180
227	168
321	188
240	58
320	74
175	95
376	227
292	101
178	74
394	230
307	139
383	253
156	2
388	46
253	193
228	137
206	188
307	117
316	112
285	168
273	88
316	220
147	143
394	191
292	181
226	223
340	71
378	329
356	291
302	249
266	39
375	312
346	179
357	107
331	238
204	60
249	90
309	289
237	1
306	104
311	45
277	19
45	37
270	241
307	30
399	252
265	90
73	64
273	183
355	80
348	29
186	24
189	188
164	43
327	61
204	7
258	196
264	261
373	21
343	155
206	91
105	23
214	211
385	186
192	42
327	301
247	223
376	355
136	57
229	123
304	140
72	67
333	157
361	209
352	97
302	282
389	235
278	37
272	18
363	59
384	80
343	18
192	99
312	68
361	244
309	35
382	203
310	171
67	29
124	101
372	151
356	83
280	104
398	389
396	1
137	109
375	329
225	147
250	230
253	55
298	215
133	8
191	29
240	221
359	50
333	114
328	146
392	59
227	165
232	100
317	171
317	113
327	236
386	60
335	151
58	14
128	50
357	97
359	272
206	164
223	205
397	31
177	100
100	8
206	28
396	254
383	80
171	117
28	17
336	55
112	11
293	83
40	26
375	178
284	107
336	149
345	147
201	160
298	285
349	301
343	336
372	333
39	25
348	317
310	302
41	27
269	178
254	162
190	51
290	1
277	231
292	187
127	125
343	103
392	201
294	62
151	21
354	151
359	181
396	296
119	19
234	198
176	83
147	54
191	2
336	298
310	295
123	17
185	66
299	111
379	316
334	65
188	8
264	252
101	47
266	56
274	37
389	48
273	91
270	175
268	123
379	237
322	40
242	34
185	51
393	156
379	141
373	151
355	335
307	141
399	392
323	41
338	126
387	11
204	0
378	34
301	236
264	223
382	250
278	173
68	10
310	243
189	84
313	100
244	100
347	287
335	37
398	218
133	22
142	28
377	41
353	26
79	23
297	59
289	120
166	78
319	232
351	47
208	6
88	68
82	33
385	161
96	81
184	77
255	225
299	11
276	168
161	146
295	43
389	98
128	114
111	17
100	48
368	235
243	185
343	293
232	64
229	161
294	257
258	99
363	143
215	205
275	50
277	104
204	71
172	90
127	106
351	324
112	95
238	134
123	100
389	56
345	300
316	26
261	82
344	7
287	272
380	126
201	42
312	75
396	295
389	223
262	192
392	246
127	87
289	151
274	36
349	219
324	68
375	225
226	97
141	64
378	48
244	118
95	74
326	200
138	85
295	198
349	145
352	17
294	74
335	323
245	151
101	8
310	257
344	214
298	70
260	81
316	230
249	233
257	24
267	44
329	303
281	198
322	262
206	29
289	206
241	63
267	113
387	135
341	171
362	354
251	226
383	134
305	48
396	381
367	23
63	33
368	39
272	140
306	46
213	126
321	27
369	78
272	142
350	295
339	72
374	126
261	166
139	110
47	19
339	230
153	24
69	49
195	145
185	33
146	100
314	6
370	345
336	158
351	190
120	78
298	16
230	90
347	334
308	234
290	114
268	84
166	61
332	320
353	301
323	240
121	2
256	207
388	353
305	18
388	108
228	113
324	186
274	269
234	109
328	162
92	54
397	139
203	193
231	10
267	151
208	60
179	101
373	368
280	261
306	242
336	54
336	189
396	250
354	170
140	8
292	52
367	243
275	37
288	43
70	56
101	63
321	279
381	363
78	21
307	155
192	116
362	269
90	51
389	5
207	30
211	100
382	193
381	140
188	159
283	194
241	168
142	136
304	251
394	90
269	181
294	111
265	254
389	114
198	49
202	12
195	126
30	14
343	183
340	119
329	206
205	106
385	95
228	210
77	34
328	7
101	20
44	36
328	157
104	27
119	38
249	154
255	105
359	194
137	56
278	107
290	273
329	292
125	97
210	82
113	93
219	135
372	240
174	140
231	138
202	112
235	73
267	53
299	84
381	91
391	70
276	53
106	26
248	58
280	30
229	196
265	180
298	171
339	316
212	194
388	319
154	81
153	148
136	133
399	367
305	5
363	127
387	30
310	93
283	246
338	198
182	69
57	53
361	19
113	61
269	231
148	128
356	102
319	272
159	73
191	61
265	214
167	43
359	160
370	9
164	95
297	27
394	205
172	50
348	310
356	270
366	195
147	35
186	127
396	358
337	116
343	276
275	244
304	27
315	43
384	286
348	37
387	309
222	166
203	169
277	246
200	179
309	197
233	156
295	228
250	234
262	198
234	98
130	73
220	178
220	211
145	20
169	67
276	183
96	11
173	82
172	158
185	85
203	53
60	56
252	41
167	4
340	233
249	123
273	180
329	138
367	191
256	227
391	333
310	18
380	188
359	31
238	99
148	143
71	10
351	73
214	201
207	64
112	31
288	83
399	183
290	183
148	132
265	105
273	12
101	79
284	211
369	49
399	242
309	149
171	12
311	303
374	87
240	89
285	251
308	129
103	16
318	264
308	9
380	37
333	193
396	227
340	46
266	92
161	130
389	27
312	291
231	182
376	368
399	213
355	51
357	0
386	159
232	66
191	49
382	166
287	263
338	22
177	85
384	379
170	96
339	296
124	24
363	162
305	188
373	194
222	43
309	101
160	79
394	95
384	123
112	50
377	257
326	135
254	120
339	201
354	297
232	149
391	37
109	96
334	281
332	45
253	51
204	65
318	3
350	126
389	296
122	56
260	154
107	4
339	114
323	88
242	199
363	96
389	354
329	157
200	171
371	53
398	264
117	72
178	66
226	162
119	91
266	6
369	62
309	92
234	167
399	45
272	194
371	45
352	211
123	93
227	109
353	110
361	331
163	71
261	252
168	150
398	14
291	118
308	189
297	112
288	65
353	352
302	237
195	40
234	76
86	30
380	230
48	12
388	186
122	50
164	84
214	35
369	166
348	215
351	163
391	62
298	280
313	240
371	272
297	124
349	49
398	327
300	227
175	11
372	179
106	72
397	9
298	170
383	338
326	23
337	287
176	133
388	266
307	58
130	104
296	212
327	256
209	153
63	37
271	121
265	35
52	47
190	29
256	138
292	13
372	285
321	141
266	99
224	62
321	170
297	171
74	22
361	337
245	135
52	5
280	8
377	134
398	240
328	16
301	170
281	101
240	46
329	231
150	55
155	151
332	276
216	166
195	3
279	33
387	198
123	32
375	310
378	237
205	130
279	157
135	31
320	29
394	50
209	74
49	12
50	7
37	28
118	19
290	196
307	216
164	114
280	61
285	173
249	82
228	120
375	3
51	22
159	78
319	95
237	77
393	296
342	169
67	39
384	140
162	19
267	150
331	131
232	194
377	108
247	96
381	163
254	233
371	223
264	111
386	180
394	149
335	270
389	369
302	35
128	87
374	163
305	108
335	125
363	242
319	67
108	6
136	18
396	188
377	130
303	230
314	160
215	209
322	77
296	35
225	67
282	174
213	11
127	78
165	110
286	256
121	111
80	56
387	242
264	135
356	139
381	95
200	130
292	59
234	11
148	11
164	96
192	189
269	143
223	123
231	150
352	320
298	269
387	87
399	127
351	235
354	193
295	24
369	301
359	231
262	174
256	210
282	232
391	177
246	48
219	218
169	65
212	60
153	33
328	237
246	177
297	71
265	243
313	161
50	34
242	67
315	205
140	57
234	224
325	229
82	50
324	106
306	17
368	108
363	308
227	181
214	204
275	201
196	44
59	5
274	142
265	77
312	251
302	203
359	141
252	143
235	84
168	98
197	71
223	6
314	194
259	237
306	127
256	15
369	347
110	105
382	284
168	83
147	104
199	10
222	160
207	118
84	22
345	172
240	35
234	148
318	295
306	82
319	36
342	98
399	210
308	20
364	44
161	57
213	202
399	283
226	50
360	77
211	161
351	245
327	221
331	2
296	184
339	146
248	246
330	5
320	94
218	191
289	39
305	154
217	12
66	33
370	224
359	212
254	76
276	191
195	128
203	24
292	120
301	253
396	267
180	17
357	330
235	70
397	396
349	198
252	11
380	296
331	154
297	37
193	74
239	211
334	136
336	283
347	147
329	133
344	9
354	137
108	44
284	102
16	2
320	184
330	209
254	42
182	62
388	281
396	119
209	116
67	58
156	118
138	62
150	60
239	83
383	19
305	34
364	233
277	49
333	206
340	207
360	288
255	108
360	47
391	301
332	217
235	52
247	27
256	62
254	184
331	285
316	83
227	82
277	28
253	173
179	99
103	93
389	124
262	52
258	5
165	40
183	172
178	31
124	67
239	115
236	173
323	286
174	71
171	30
246	96
231	217
305	93
375	0
195	69
341	196
358	180
257	101
332	311
220	3
218	49
325	220
272	189
77	38
159	59
178	4
386	98
380	310
337	274
216	45
222	99
391	277
387	196
83	66
259	64
392	192
331	283
208	8
368	192
165	126
230	216
269	225
386	213
238	39
230	76
104	102
373	102
214	96
122	97
197	59
162	154
237	56
144	143
144	44
266	164
248	182
69	48
282	12
355	230
280	195
373	182
172	54
301	214
278	100
262	203
349	271
393	368
338	181
226	125
389	80
269	247
108	103
119	50
184	104
69	58
207	83
352	76
252	73
337	272
374	154
327	220
356	302
324	29
163	136
288	283
298	2
396	373
156	108
285	203
344	341
72	10
168	72
120	77
173	70
170	63
234	160
83	35
236	61
338	113
380	361
312	64
51	44
249	76
112	60
292	115
123	73
385	272
359	165
361	93
109	101
385	293
332	263
311	178
389	280
352	204
222	77
112	104
348	232
177	5
239	122
325	11
140	123
322	5
266	136
159	151
245	62
258	146
351	144
320	146
328	93
312	57
253	240
309	246
113	19
345	301
32	27
361	324
224	120
215	51
240	127
252	182
235	115
310	43
326	246
318	21
271	169
343	318
198	79
326	273
229	36
390	367
369	124
374	207
369	74
332	232
221	14
353	330
186	56
241	70
368	296
135	51
266	231
277	244
364	42
294	166
50	13
175	54
310	39
341	221
251	66
399	273
315	168
265	253
318	130
371	219
343	288
150	19
300	272
357	94
271	46
214	147
182	130
202	83
131	25
76	66
383	297
395	171
311	39
384	19
344	312
324	98
394	38
117	95
71	39
192	187
341	51
141	75
296	110
268	121
397	392
371	101
106	24
275	0
99	89
284	165
66	59
282	1
52	32
332	180
146	2
195	147
372	200
196	78
172	78
252	30
356	145
170	116
135	90
178	119
259	208
363	175
238	1
363	310
352	127
381	362
280	200
169	69
269	31
136	100
348	257
331	257
382	338
259	202
282	158
372	296
129	105
292	108
177	79
276	24
328	278
255	201
267	99
277	175
210	155
234	220
388	350
319	62
350	170
312	91
273	40
367	279
351	143
395	115
274	270
325	2
182	92
263	154
352	306
306	220
316	286
365	223
305	237
298	249
332	242
216	176
301	212
86	6
317	316
164	146
158	41
237	92
387	307
385	144
135	83
280	120
274	111
78	40
128	27
270	219
398	357
225	210
216	199
244	103
381	107
319	146
396	175
219	145
372	71
101	1
285	197
294	167
258	192
186	49
220	70
162	157
320	199
346	272
396	30
255	55
194	46
308	47
219	65
353	89
297	192
141	39
395	361
262	217
396	344
229	221
133	82
303	133
336	185
311	272
99	13
220	215
366	176
319	201
366	243
358	202
370	155
398	276
360	264
293	141
306	189
268	141
262	242
293	7
238	168
15	8
396	67
353	15
335	218
231	49
357	203
109	87
43	12
272	254
276	106
272	160
374	218
377	36
375	350
300	74
52	48
247	130
386	352
122	108
374	252
247	71
333	100
364	59
339	249
368	79
301	53
381	130
267	102
114	11
129	109
300	128
145	22
213	98
165	127
335	62
153	29
247	206
291	142
173	115
387	106
336	47
205	160
366	19
361	119
218	38
294	40
167	28
280	27
329	87
160	144
287	238
383	121
26	22
195	47
145	23
380	309
310	211
258	199
335	269
293	287
288	146
327	30
293	221
293	24
359	314
251	55
136	1
231	103
281	165
227	139
176	24
149	116
388	123
286	65
292	169
374	46
392	332
366	257
320	263
394	179
302	192
177	75
397	248
114	69
331	123
310	135
133	66
197	141
322	179
374	196
129	65
257	156
235	13
396	357
358	42
327	317
286	123
267	17
300	170
392	106
60	47
398	172
111	8
225	87
216	79
262	178
381	232
71	6
361	259
257	185
366	126
299	198
329	3
148	78
372	354
264	56
368	6
44	35
385	325
393	6
266	34
363	43
296	264
319	109
312	200
173	94
328	231
120	38
174	56
386	192
85	50
299	246
387	9
137	32
300	60
307	68
21	9
236	100
210	66
77	6
295	186
277	186
388	42
293	98
206	12
380	247
247	149
321	238
360	270
309	194
166	29
363	117
330	42
396	229
275	226
348	88
327	229
398	110
385	220
384	282
96	19
296	237
339	281
391	155
208	61
363	52
378	14
244	111
306	117
357	349
191	163
300	131
252	239
359	103
356	223
227	108
286	267
199	134
244	160
357	311
219	13
292	72
139	40
337	248
207	49
334	199
377	350
56	36
127	73
274	201
313	25
187	59
285	230
284	151
221	159
307	12
162	58
378	222
122	91
268	165
254	250
335	17
395	173
104	30
215	77
361	78
292	243
349	38
285	117
235	206
356	71
79	1
318	197
348	46
396	372
367	24
118	111
390	330
203	37
123	49
226	199
301	65
198	20
340	67
340	326
388	258
104	101
342	56
239	213
339	145
391	35
335	257
160	21
367	194
356	50
314	252
367	366
395	70
377	105
216	65
324	108
214	11
333	43
394	21
248	11
297	22
125	117
133	40
254	101
53	0
181	56
30	8
362	253
381	76
51	7
183	123
336	265
339	139
214	173
258	6
326	212
79	46
68	24
169	157
188	142
125	103
179	105
179	139
307	17
281	31
383	24
354	320
331	33
285	104
384	176
283	273
92	57
316	131
218	96
371	47
198	115
396	244
161	68
79	27
145	38
255	183
231	155
350	120
198	77
394	29
235	129
375	202
389	341
296	120
379	312
350	281
177	101
92	84
55	16
319	229
243	158
325	18
392	5
213	28
164	110
363	151
102	47
304	88
52	15
223	62
282	258
377	164
347	49
160	83
250	5
370	293
319	54
379	175
132	85
172	140
220	201
195	13
213	140
328	86
384	271
254	251
341	111
110	10
222	205
154	130
292	11
285	214
249	23
261	102
295	33
347	177
131	116
116	78
311	24
330	12
365	127
242	201
177	89
164	154
123	74
287	125
207	18
371	60
352	206
230	214
214	129
220	208
316	101
224	31
166	57
65	61
364	287
267	199
146	10
254	53
130	85
367	329
160	32
112	39
303	100
356	168
281	18
343	44
266	172
316	192
70	51
394	259
380	166
366	134
172	40
124	92
344	133
251	139
205	26
383	205
206	97
320	70
398	1
258	156
263	230
286	86
177	114
255	11
294	221
285	135
378	4
353	61
373	81
246	225
294	93
329	58
384	330
347	182
384	354
256	82
235	217
150	113
11	4
399	43
327	216
250	72
135	113
391	368
350	83
399	247
291	235
356	341
243	237
78	55
377	165
398	296
29	19
104	39
353	81
224	177
197	36
206	161
205	121
234	194
339	11
105	76
309	28
173	88
172	20
101	72
34	8
272	262
97	30
394	48
134	84
309	52
389	360
392	325
343	108
396	386
235	19
264	165
347	264
384	276
358	100
202	123
116	22
139	132
329	56
346	302
124	66
302	229
239	229
220	146
321	99
315	176
376	63
75	18
194	14
327	258
250	163
373	53
311	50
293	159
179	128
379	56
311	133
348	75
292	43
101	5
355	142
288	21
287	211
377	199
312	197
395	228
209	174
184	158
181	15
194	37
389	383
235	95
373	18
109	37
235	44
108	90
350	44
358	140
328	276
285	0
371	337
220	39
320	137
93	90
290	50
367	131
131	0
172	14
361	185
243	168
120	86
270	267
368	221
158	10
391	114
357	312
275	229
383	358
375	180
190	98
229	160
111	43
165	12
388	1
169	120
367	293
186	141
89	19
382	58
399	205
225	68
377	303
134	10
80	20
385	302
177	110
376	224
268	183
110	27
347	7
185	43
154	95
247	42
361	35
330	296
302	140
155	94
329	247
223	103
335	139
248	189
277	235
116	110
105	39
177	58
357	245
164	130
290	105
396	5
100	29
321	66
185	0
374	360
341	282
203	200
355	36
234	217
389	282
344	265
33	30
96	24
276	271
328	57
338	20
117	83
382	299
312	198
169	155
211	83
141	45
203	187
352	102
167	119
300	197
397	104
168	71
267	162
262	7
149	24
368	304
366	43
257	85
192	25
330	119
281	130
366	78
170	115
382	210
244	128
275	85
165	94
341	275
252	58
189	146
106	37
330	235
67	59
59	42
290	102
246	71
99	28
252	55
354	164
378	10
166	146
196	87
371	96
297	193
217	190
210	77
153	115
335	53
259	250
325	130
177	153
289	36
125	63
234	77
200	137
344	138
363	227
398	50
221	211
328	240
371	8
362	179
349	287
354	225
152	121
305	60
271	76
159	124
360	140
156	22
284	208
149	70
234	127
361	214
392	273
228	187
207	60
362	297
348	144
141	51
157	153
243	67
182	117
332	226
141	1
234	34
370	229
51	31
337	27
135	94
341	317
381	16
309	159
308	300
324	94
288	270
285	217
332	323
212	173
341	67
120	3
280	270
337	110
382	238
43	40
248	0
351	197
186	129
325	201
196	21
328	149
377	363
301	299
249	177
372	116
395	244
356	6
190	126
274	271
376	259
277	11
340	175
334	86
307	217
147	72
362	40
366	180
322	153
314	238
374	116
356	311
169	89
182	91
267	4
312	170
308	260
199	140
395	126
364	73
159	92
277	210
286	142
197	26
347	223
362	34
230	220
259	248
330	320
285	61
233	215
353	138
197	120
163	137
376	295
28	19
217	78
351	68
322	46
283	30
209	48
278	65
183	152
393	370
351	183
127	83
217	115
94	70
397	224
214	13
262	115
363	252
246	237
376	120
356	99
399	180
133	110
395	221
247	69
186	122
313	27
340	88
245	209
99	24
264	12
332	282
291	187
159	36
180	97
372	23
179	3
263	249
116	26
334	151
298	105
345	317
211	25
197	9
92	67
286	56
397	75
258	184
310	163
273	78
323	282
263	240
356	2
62	13
124	26
312	131
265	198
162	139
283	267
382	139
392	190
272	185
134	51
199	147
22	6
55	28
383	361
216	123
362	146
320	30
53	49
221	129
307	218
331	241
144	81
315	185
358	322
386	132
368	162
317	134
378	101
135	62
315	277
263	113
272	173
370	243
210	113
246	57
201	129
208	88
210	112
251	118
130	77
78	32
238	38
322	71
302	55
388	208
277	115
275	221
337	246
216	156
302	227
387	96
365	227
278	275
260	259
177	128
395	313
336	291
276	19
185	63
209	104
315	295
324	92
358	130
317	199
238	106
316	186
378	135
358	230
289	247
318	255
294	227
378	123
250	155
394	269
131	79
252	223
356	180
330	245
398	370
389	41
274	140
268	161
71	57
218	164
204	43
59	40
324	248
309	300
377	234
230	18
373	355
274	53
389	366
183	30
366	44
35	14
325	57
246	49
237	100
147	74
376	340
317	144
340	0
318	283
223	38
124	6
236	20
194	12
142	1
281	40
320	234
207	74
238	198
225	158
212	156
161	156
315	59
300	43
361	43
288	249
325	300
160	70
399	26
382	141
313	221
265	72
365	316
274	135
62	0
135	111
362	237
325	213
93	84
201	119
241	184
364	163
242	84
293	119
209	154
159	49
152	130
156	100
191	58
262	32
32	28
287	246
261	200
164	8
334	162
311	132
374	135
311	173
145	93
391	371
64	53
374	102
189	66
249	106
310	127
262	133
383	266
171	158
210	161
395	233
206	190
361	158
100	67
230	112
269	62
351	343
298	236
343	313
280	128
291	245
329	136
367	352
366	119
369	198
389	290
302	261
248	223
387	91
280	212
330	302
399	138
119	47
310	92
212	93
383	90
346	233
203	199
334	261
364	297
349	177
342	53
272	181
181	13
300	68
186	15
95	78
275	36
228	223
257	139
246	131
343	25
397	340
357	99
377	321
343	219
381	67
201	186
326	108
323	238
335	122
263	95
181	74
259	46
83	0
255	25
285	7
342	275
223	216
379	229
356	94
317	48
393	262
361	306
366	42
54	37
319	212
261	229
355	18
366	40
391	206
152	42
278	210
85	29
364	333
142	50
319	125
180	167
235	225
100	24
138	134
343	152
117	56
41	17
316	243
193	162
142	87
54	28
380	174
393	163
250	184
230	172
106	76
330	215
295	167
52	21
311	47
197	177
329	114
235	28
128	11
202	145
289	78
329	296
270	199
208	177
289	142
239	59
69	30
247	161
398	318
214	6
226	157
33	0
338	232
304	13
251	79
196	191
292	129
253	225
371	65
222	195
30	19
85	60
311	246
152	94
150	45
319	126
250	211
128	75
221	15
262	202
125	81
269	75
139	103
136	56
308	133
375	272
326	141
72	35
222	26
144	82
102	0
95	11
240	106
154	11
320	59
125	60
218	62
387	308
362	79
57	12
133	37
264	5
381	14
304	244
80	37
353	228
36	26
266	4
311	166
119	58
182	59
343	145
320	220
331	224
322	93
101	76
367	231
365	319
204	55
237	9
126	117
142	92
298	254
337	276
373	87
388	32
303	20
210	131
267	138
339	306
244	89
221	186
274	221
272	75
265	38
342	41
73	48
272	192
169	102
318	205
280	140
369	132
334	97
301	182
194	144
392	341
314	122
342	50
399	141
385	225
389	25
89	34
372	178
354	57
305	3
319	211
396	391
346	318
319	105
366	221
315	49
302	179
365	315
298	267
248	62
383	115
209	47
381	84
373	273
372	312
191	38
154	66
14	3
325	91
235	189
267	219
330	294
385	47
228	9
265	59
264	125
394	284
259	77
364	82
359	251
239	118
357	192
317	228
66	6
293	53
181	157
293	163
275	242
345	257
309	153
212	174
348	187
314	34
337	92
277	267
219	57
179	161
332	134
271	87
273	48
394	101
234	181
284	181
197	29
364	247
200	183
294	58
287	51
330	250
319	271
280	174
287	127
247	164
301	242
122	81
68	63
262	158
180	99
260	86
382	55
319	58
367	74
301	180
313	300
319	26
265	211
317	92
348	285
181	33
337	68
188	52
367	186
153	7
331	305
232	145
397	218
375	249
365	362
172	141
246	226
108	95
38	11
96	90
291	42
223	201
318	119
67	13
313	104
61	52
282	255
350	167
246	180
368	220
114	75
366	65
354	100
325	278
177	28
284	227
347	190
315	104
81	7
371	38
305	225
191	173
112	93
340	242
289	195
155	45
374	310
330	241
220	56
268	199
231	148
386	335
214	76
314	103
287	72
389	211
347	143
386	383
290	49
202	184
351	193
383	313
397	314
375	371
242	163
398	71
234	134
135	67
378	155
100	46
388	49
349	98
126	39
155	102
304	34
278	138
346	156
283	161
289	24
318	116
244	26
330	203
331	132
273	2
385	190
349	97
320	169
398	364
206	132
325	240
234	139
367	157
378	39
190	52
382	62
324	266
287	176
359	267
276	270
380	210
100	16
147	69
237	126
305	0
257	218
356	275
73	59
181	97
137	117
131	17
393	134
162	135
204	84
237	133
390	202
344	262
202	39
224	8
254	222
304	62
297	156
334	229
373	232
377	238
376	292
156	34
375	65
281	102
78	17
188	145
349	173
357	139
356	174
55	45
287	197
103	79
264	154
87	49
315	281
226	26
347	315
239	203
373	325
167	5
361	191
231	44
351	157
204	137
363	132
206	33
360	25
231	197
257	61
85	11
134	65
138	106
293	94
211	138
196	34
186	151
164	21
260	139
328	250
314	247
352	259
246	138
315	145
276	129
274	219
305	251
345	265
318	90
130	69
306	292
183	46
198	149
398	176
285	113
250	214
278	182
395	165
104	50
360	18
238	74
211	170
315	314
284	52
326	280
298	139
247	88
396	140
338	48
284	212
286	1
299	184
363	138
248	176
272	132
324	175
385	82
278	189
184	20
240	45
269	267
148	94
300	25
370	226
261	157
313	118
142	97
163	75
295	20
264	65
225	48
220	67
333	6
293	211
278	277
318	173
349	124
297	242
377	85
275	93
297	269
291	165
369	238
247	218
226	11
167	59
183	153
388	188
177	150
381	120
348	10
337	238
235	210
378	290
257	128
247	174
281	233
61	19
197	123
279	78
247	224
395	354
216	180
191	97
175	34
238	84
335	167
365	73
213	113
168	78
109	64
343	46
135	20
78	56
135	11
228	0
394	67
241	114
294	285
158	37
244	68
364	254
344	88
84	32
202	141
170	61
285	132
399	177
393	232
253	162
340	173
357	258
387	103
288	53
324	135
194	128
260	184
348	21
351	272
41	14
202	76
394	305
368	118
314	110
224	221
380	124
195	51
171	147
179	68
110	95
248	220
395	323
139	134
335	103
325	170
330	207
384	249
338	295
317	116
276	215
218	78
330	307
261	234
367	363
325	252
386	355
381	54
74	14
252	8
254	16
361	54
208	207
319	262
281	143
313	257
256	159
335	188
343	105
358	110
333	192
322	82
298	1
358	236
314	86
337	130
219	23
195	34
268	225
362	343
326	139
340	289
306	86
379	39
221	90
361	149
382	260
77	16
221	126
203	57
318	239
175	81
352	174
96	46
120	61
257	200
344	281
396	221
112	63
190	39
265	178
388	111
386	9
228	181
342	211
383	249
377	209
323	44
390	315
250	97
227	143
231	86
97	22
304	169
272	63
312	167
323	167
310	126
244	27
399	108
287	73
322	231
162	69
384	5
144	63
253	106
165	38
278	141
172	104
290	116
142	132
60	35
243	22
187	159
348	214
297	200
330	316
172	134
146	67
79	34
295	165
143	57
129	24
384	309
379	264
382	243
260	36
398	65
96	48
264	137
315	71
280	72
252	94
310	159
366	46
134	130
310	208
135	120
228	156
350	3
287	228
397	210
110	44
365	311
223	161
347	33
381	365
190	54
376	94
124	20
144	125
255	93
336	18
252	21
25	17
282	65
80	49
211	85
177	104
281	271
330	272
372	361
270	88
304	259
188	60
198	132
152	15
222	136
233	160
279	211
312	80
330	218
298	222
358	199
118	64
198	48
264	229
214	106
352	188
370	141
250	13
143	101
264	38
336	250
343	38
247	34
371	312
214	143
159	157
313	157
323	178
341	10
145	124
397	323
255	170
290	125
56	14
303	194
157	62
398	305
332	163
189	153
324	301
203	185
316	123
390	50
232	103
239	94
270	197
236	42
193	163
115	55
251	179
190	175
133	117
300	248
320	96
306	31
370	39
332	27
352	243
389	174
384	257
253	34
349	148
296	126
162	99
372	118
194	91
267	226
330	34
399	160
312	161
303	286
359	118
247	68
129	80
310	27
149	121
324	142
240	134
328	170
238	32
261	19
71	54
198	125
264	184
289	50
319	53
331	122
311	302
270	218
247	111
252	183
173	99
205	49
237	18
202	176
202	46
185	116
390	100
134	103
173	146
382	227
246	233
117	85
363	93
341	167
239	162
113	50
205	204
230	62
318	282
197	127
183	55
225	88
227	173
84	40
148	70
242	149
324	87
154	61
325	163
85	27
138	60
225	77
103	15
92	17
332	269
312	185
192	61
289	45
350	214
168	95
278	39
302	236
56	8
268	222
253	235
372	0
191	167
269	73
291	139
78	61
374	113
319	157
174	51
203	155
236	202
388	320
343	160
328	27
336	155
242	132
364	314
98	64
300	99
149	40
394	40
367	358
96	0
386	177
205	61
337	32
296	125
118	101
285	124
60	48
342	193
247	194
228	128
356	187
228	176
317	183
255	195
344	290
390	81
346	264
258	205
298	227
317	260
391	229
279	130
302	181
390	54
261	147
313	9
118	5
350	173
387	149
58	26
343	181
316	115
205	180
167	47
260	238
301	50
76	9
313	44
393	71
260	52
302	234
373	58
163	0
337	268
287	26
371	303
208	23
208	170
75	64
326	286
81	53
353	268
267	215
274	149
356	133
297	38
398	381
321	178
120	32
345	287
65	1
179	12
385	113
354	127
393	260
372	48
262	251
373	60
334	29
265	61
47	20
245	36
208	108
334	293
228	191
214	180
369	16
298	221
259	165
235	4
369	171
315	65
253	159
88	54
343	199
189	99
90	26
156	121
329	160
278	190
328	238
200	98
351	312
326	221
291	68
302	32
303	262
332	298
375	102
253	89
371	296
215	74
324	317
309	264
318	152
399	386
214	190
398	330
356	352
305	146
137	14
296	162
74	50
243	123
303	4
368	226
352	23
215	175
290	239
254	232
256	201
371	232
72	14
246	198
240	123
354	94
331	15
370	324
155	65
263	7
80	79
354	313
314	41
353	233
313	242
110	20
182	179
317	170
258	228
366	175
147	57
262	222
333	204
283	46
266	209
207	120
264	180
379	363
318	212
274	88
244	57
217	185
220	145
206	34
284	96
382	294
313	184
122	119
376	168
291	95
297	146
290	74
263	120
338	156
321	104
181	80
377	162
256	103
275	76
215	35
275	25
392	277
286	195
130	39
204	145
358	90
62	4
277	218
256	254
147	121
26	15
259	183
361	321
341	158
346	51
303	217
302	16
233	72
374	367
282	155
389	241
186	57
316	14
386	295
216	34
399	226
275	178
319	193
176	14
367	365
52	7
322	169
319	69
394	285
212	0
309	278
290	73
106	64
231	69
242	180
122	89
374	75
117	90
258	24
312	120
268	19
322	96
363	136
137	24
218	134
344	77
133	108
311	85
202	91
284	206
141	118
128	60
394	221
222	10
374	322
386	381
294	10
207	113
280	234
313	57
375	301
360	332
313	89
219	127
212	42
76	31
390	342
372	249
175	59
177	176
272	65
196	46
381	86
364	64
251	201
260	98
124	11
378	258
128	24
192	76
388	82
222	54
60	5
163	108
260	88
388	80
357	191
258	190
255	6
207	124
168	1
336	226
202	118
196	146
191	1
368	286
171	35
280	31
324	267
288	129
318	87
288	266
128	125
327	113
301	223
321	266
217	183
81	80
243	162
199	88
346	47
108	5
222	50
353	10
362	89
378	67
260	20
179	86
122	67
173	107
46	7
219	130
365	74
143	131
279	79
266	38
342	134
309	99
140	40
178	64
264	106
363	20
380	69
245	130
393	93
280	82
378	286
382	85
275	237
156	129
81	15
250	2
302	153
201	79
391	269
311	111
383	210
326	146
306	229
304	302
296	141
290	15
333	201
371	68
390	6
298	9
281	20
60	0
380	134
371	74
244	11
373	161
281	1
301	200
112	89
322	217
331	276
211	14
312	117
110	3
360	200
192	73
398	239
304	190
103	30
358	108
309	250
383	303
187	44
373	3
385	248
173	129
142	38
397	78
364	78
344	140
336	203
200	56
287	206
160	75
226	87
228	132
395	278
149	124
273	102
389	167
371	93
314	253
115	36
175	13
300	91
224	115
273	266
310	20
378	95
143	47
365	165
118	41
104	97
381	139
210	27
333	84
271	183
373	31
338	259
286	190
46	42
315	287
186	154
351	185
159	81
211	151
229	18
143	52
187	8
368	126
299	236
250	1
300	195
384	40
204	56
66	50
35	11
195	191
226	28
210	135
274	167
248	103
314	91
29	5
396	361
288	278
64	11
223	203
254	110
147	123
81	42
363	177
347	34
32	25
231	144
150	85
151	38
395	301
269	142
209	103
205	98
288	86
277	31
354	62
379	47
314	21
304	30
156	145
142	5
352	229
396	74
329	17
383	221
342	277
296	129
299	297
339	23
242	239
319	216
337	336
323	269
251	63
228	50
191	142
325	154
27	12
262	177
173	130
291	267
283	71
182	5
273	134
245	0
345	167
292	78
355	180
61	14
152	31
248	199
296	19
376	180
395	72
309	152
269	47
339	224
276	12
118	2
317	149
63	46
379	365
239	6
133	87
339	214
226	36
377	211
80	44
387	92
307	300
189	170
228	171
358	332
391	211
356	329
380	23
260	220
394	372
347	272
222	211
363	289
245	102
260	74
364	275
395	82
399	308
263	78
397	215
285	159
257	255
279	97
376	45
87	26
352	273
248	30
391	255
385	42
291	86
147	31
242	220
110	93
148	97
121	52
146	102
309	140
393	165
384	345
346	171
282	111
349	104
320	314
83	21
151	14
346	106
358	312
391	257
293	96
389	338
294	163
381	145
99	49
41	7
364	335
345	41
316	36
325	50
314	45
240	204
321	78
305	4
246	109
380	243
373	138
236	163
103	10
357	122
246	193
207	127
200	55
74	51
170	83
374	139
320	89
134	108
382	16
356	303
72	9
261	150
293	231
8	4
272	144
22	7
397	276
293	277
204	196
103	14
374	275
338	324
156	45
114	98
302	2
232	172
213	30
228	151
93	86
230	122
315	208
336	66
251	233
182	2
219	33
361	291
386	293
300	1
368	82
381	82
160	24
373	52
361	340
164	50
224	101
209	84
391	245
270	164
376	217
207	85
323	227
346	292
372	238
308	42
196	22
190	46
116	106
126	106
225	34
338	17
352	337
199	6
357	89
172	121
221	208
325	55
287	237
399	268
21	3
335	118
248	200
269	61
315	181
276	116
370	280
326	34
320	93
388	169
318	267
73	57
210	89
363	75
281	243
180	144
147	40
291	6
273	238
170	52
373	41
201	168
338	107
332	106
269	16
391	117
328	132
363	157
306	269
367	214
206	131
104	1
284	255
51	17
43	0
187	6
283	54
305	159
67	32
237	203
276	139
80	7
264	181
358	337
154	152
173	73
311	79
256	167
305	254
182	70
301	218
372	369
244	63
47	30
144	41
139	28
279	124
350	108
281	96
214	158
272	174
177	0
278	108
298	251
262	122
267	238
147	109
271	210
228	170
318	225
284	198
320	108
157	101
201	15
396	86
286	131
348	345
253	152
338	25
271	201
279	153
358	238
158	129
255	176
217	181
318	251
280	83
170	113
278	188
306	176
314	307
174	81
360	175
224	61
196	14
327	253
276	262
191	128
152	35
321	301
186	26
398	236
388	323
327	314
83	31
343	109
249	50
362	209
234	133
342	7
355	173
176	9
327	175
212	86
398	207
379	9
275	157
308	127
345	13
352	81
292	107
385	304
131	92
348	4
397	232
230	1
368	302
245	225
331	85
360	74
283	263
317	7
387	226
100	53
390	373
317	184
295	94
234	117
115	110
242	236
128	126
185	28
303	222
190	92
127	13
264	147
379	74
139	106
201	88
305	75
102	53
192	33
287	47
284	139
44	38
278	238
305	226
327	225
143	97
359	68
316	152
333	69
238	122
339	310
161	46
191	94
214	31
377	106
249	140
256	235
246	83
106	44
295	287
285	3
246	60
320	102
48	25
277	170
317	146
322	308
232	216
182	112
158	94
197	43
347	213
297	20
173	155
299	52
326	100
29	13
168	24
283	33
44	25
375	98
319	81
141	27
212	118
198	166
254	181
333	271
206	183
218	145
93	10
212	108
305	172
224	223
397	0
374	56
364	2
383	34
226	74
317	101
375	341
235	200
150	11
329	9
111	69
332	326
398	234
133	55
357	141
230	108
99	35
66	22
386	4
256	208
132	114
118	1
280	55
159	141
339	173
158	111
302	59
345	75
329	69
167	80
356	12
385	267
246	155
29	7
242	43
342	322
278	172
352	287
237	88
257	35
264	77
361	124
349	297
301	119
232	125
69	23
301	184
259	8
343	64
246	221
314	302
399	198
186	147
322	207
218	0
374	64
191	43
381	257
297	179
379	333
265	193
229	218
305	64
282	83
190	101
111	89
144	58
356	254
275	47
117	9
397	331
388	68
365	34
384	20
354	97
392	19
295	172
347	43
251	152
72	69
239	62
200	131
172	11
350	158
263	217
243	5
226	73
343	132
240	14
176	49
359	120
265	85
211	130
111	98
190	2
341	200
270	0
366	300
252	230
216	186
345	18
166	132
313	223
148	14
397	67
147	131
352	192
286	11
270	59
378	334
377	157
301	176
283	129
383	287
225	214
235	71
117	2
266	217
261	89
90	23
359	43
369	155
89	67
100	45
359	307
276	65
399	352
295	74
388	107
256	164
143	49
173	111
260	45
395	390
379	256
218	30
309	195
396	368
80	17
265	183
153	70
245	82
129	14
280	161
317	303
279	206
382	202
209	40
106	34
191	189
268	74
377	202
178	44
280	68
159	46
370	169
269	187
235	41
329	80
250	149
364	45
269	205
399	173
371	297
352	181
337	174
394	55
177	25
224	87
332	73
335	113
386	127
245	184
277	64
240	168
248	48
299	46
224	203
271	105
150	122
255	46
309	89
362	355
147	61
360	84
375	228
138	101
317	257
275	194
280	274
273	29
373	300
285	179
335	22
272	77
376	289
184	24
350	88
322	293
247	138
203	61
357	272
339	55
344	293
147	9
261	112
332	301
358	167
285	239
382	274
342	102
380	96
235	173
207	53
328	171
347	136
375	44
233	212
274	91
398	193
301	240
314	61
289	165
359	39
246	200
181	134
165	20
239	189
151	57
354	43
334	205
219	64
