398	97
386	379
325	85
484	345
321	113
437	409
485	222
421	195
23	14
215	199
270	180
494	389
294	19
486	341
424	71
269	178
113	68
433	28
363	50
152	138
369	359
493	179
215	8
438	265
332	79
386	276
110	22
432	374
428	140
329	225
294	253
225	99
342	103
279	220
423	135
260	82
437	43
421	260
499	304
231	104
420	275
432	224
206	101
270	157
176	114
128	3
462	17
103	8
337	215
284	101
470	244
381	17
402	17
122	107
459	84
318	212
434	243
389	101
332	68
24	6
251	148
304	275
430	261
224	205
327	104
172	156
335	301
322	136
197	119
255	130
139	58
293	41
270	250
454	20
454	437
496	264
342	39
390	328
435	277
449	81
232	5
358	147
265	156
353	298
436	20
23	8
318	93
290	160
437	256
395	42
386	284
457	237
89	85
209	131
465	117
442	123
381	378
422	52
451	405
395	230
350	141
365	228
489	236
368	216
481	315
414	127
415	265
371	59
310	96
373	106
271	236
485	346
465	177
301	128
118	38
171	19
423	208
440	207
493	123
404	327
494	200
419	40
404	332
430	227
330	150
329	207
454	194
484	420
319	57
125	101
263	8
20	13
28	11
174	3
229	5
406	401
154	112
231	103
399	235
405	125
448	313
393	83
140	4
169	18
456	452
233	121
475	60
313	201
414	298
466	311
226	121
355	77
324	297
375	189
206	176
499	412
278	165
408	30
411	123
457	107
293	241
478	162
251	155
462	260
338	54
308	241
350	199
306	117
478	127
312	184
335	22
190	59
260	199
234	167
299	77
458	410
210	115
259	132
334	277
478	262
349	143
216	14
246	125
351	160
467	451
416	286
166	71
426	6
33	23
325	74
297	158
257	94
38	34
433	117
381	273
158	91
462	27
344	33
145	30
250	26
439	146
312	269
270	42
160	100
486	57
135	95
464	254
354	64
235	127
269	150
401	242
229	112
120	82
388	54
479	295
463	2
122	53
354	104
399	178
469	427
154	85
152	32
358	336
316	217
468	414
315	232
418	277
192	57
297	118
295	102
300	95
372	24
167	57
114	50
267	49
366	26
441	175
218	98
488	392
382	248
492	183
279	244
361	270
490	358
270	24
403	20
197	17
378	149
105	68
250	68
493	250
358	185
430	6
499	434
367	219
469	131
435	247
116	15
473	193
426	91
338	336
404	339
471	255
368	346
416	137
305	27
408	394
187	88
422	395
249	150
129	59
460	341
256	153
398	82
250	145
174	56
322	298
259	50
335	1
230	92
447	402
394	167
330	23
201	152
149	144
384	333
494	258
491	473
238	220
274	191
349	24
448	252
129	78
96	45
269	172
350	304
315	251
371	316
311	35
444	267
445	286
249	18
360	200
445	51
498	47
466	392
267	175
362	268
285	62
462	131
329	168
368	224
129	121
273	13
386	256
95	71
254	253
333	238
414	123
434	100
242	139
467	357
406	348
454	446
179	91
361	62
161	4
498	491
468	235
177	48
494	153
284	21
378	293
299	25
463	8
408	205
459	150
394	12
444	153
226	208
291	51
452	366
164	75
353	65
210	156
208	93
415	332
398	396
112	108
212	101
359	205
95	10
119	25
275	190
441	216
171	79
334	192
160	115
476	188
98	2
99	16
309	245
332	119
452	62
151	134
361	284
432	144
383	301
203	88
79	12
489	276
164	59
487	266
479	393
174	25
328	319
340	158
458	112
311	0
475	70
225	73
359	90
419	52
314	193
331	294
306	255
202	116
442	222
402	193
71	1
331	31
269	188
344	131
206	5
88	84
293	119
217	166
322	284
367	226
493	399
267	125
130	31
473	16
260	251
462	407
118	26
450	304
385	73
394	27
285	35
304	157
353	224
421	323
169	151
121	84
284	115
437	207
310	22
478	256
385	88
499	344
328	310
165	29
402	238
408	158
430	162
446	15
489	67
319	134
384	80
368	278
335	168
431	117
384	42
469	388
130	24
476	374
437	38
395	317
348	25
46	18
469	139
486	46
362	30
341	123
410	28
476	211
390	378
299	285
451	193
86	30
482	30
480	354
194	98
496	444
433	346
176	43
259	226
424	141
177	143
246	84
70	17
364	361
348	123
433	138
467	342
250	6
411	227
284	51
470	105
442	160
161	24
358	204
461	125
382	300
90	42
425	343
337	179
378	265
247	2
336	149
272	256
290	156
453	59
318	141
448	277
186	154
399	140
456	118
279	224
316	156
282	220
85	49
346	40
350	324
93	83
471	217
413	265
447	375
330	190
419	350
432	206
490	445
360	208
334	210
282	278
151	5
349	153
462	57
45	16
377	309
410	144
326	160
138	123
372	345
440	152
334	182
333	18
304	155
477	0
319	83
372	145
405	79
178	134
77	0
151	138
375	74
248	166
201	180
107	80
408	259
291	166
279	261
438	348
314	125
359	329
493	67
397	88
198	196
469	406
317	223
365	311
146	145
419	263
380	166
339	275
397	99
498	176
92	52
290	286
300	278
395	358
481	468
495	95
399	338
363	311
370	15
454	229
388	275
469	207
453	349
332	274
313	34
407	324
226	175
388	200
460	277
371	327
13	2
342	303
233	105
191	100
254	21
483	85
436	340
306	241
390	347
386	88
211	206
452	169
125	39
446	69
100	69
354	173
482	192
361	47
375	29
468	89
468	139
474	265
234	212
238	89
400	157
492	427
149	94
378	333
80	54
448	397
239	204
489	456
194	47
449	3
178	16
239	92
412	377
451	264
275	216
484	355
289	286
141	26
174	10
274	170
433	388
150	62
478	103
476	84
255	49
267	15
353	186
457	256
477	244
323	112
75	42
449	275
387	226
354	81
259	166
370	109
236	196
247	108
279	181
419	362
492	182
355	113
473	298
173	32
209	161
451	56
483	384
216	145
401	326
202	127
75	33
245	28
206	105
449	186
325	180
220	23
325	176
171	39
52	5
188	160
417	51
163	116
287	66
376	71
495	262
398	194
407	208
258	180
339	146
460	388
440	351
216	113
324	141
399	227
350	17
280	182
245	188
473	310
448	293
479	305
367	186
326	275
321	288
199	8
401	4
337	272
391	319
357	201
475	231
452	187
379	236
380	128
137	16
361	198
242	111
210	41
494	44
492	365
244	78
183	129
429	190
467	156
395	238
310	209
496	365
340	206
428	155
322	163
258	175
292	136
196	145
355	316
210	157
260	253
499	331
468	232
321	41
447	392
425	102
322	211
449	385
289	194
379	123
335	200
202	165
334	281
392	133
256	214
285	10
379	33
475	217
146	20
386	73
355	97
156	73
387	132
374	289
485	208
268	210
281	178
178	68
487	157
432	138
167	72
244	23
431	192
411	196
484	61
200	119
353	210
381	113
471	339
443	80
190	182
454	181
440	356
402	258
412	125
444	372
81	23
471	65
138	121
212	25
231	86
423	130
285	58
465	306
461	344
169	121
455	116
385	281
338	273
416	14
487	98
434	136
187	177
485	417
99	62
393	209
439	344
490	401
362	188
237	18
441	179
362	218
496	92
333	25
444	189
493	259
490	216
419	120
321	169
467	256
135	91
465	207
383	185
480	320
476	27
342	150
465	20
372	164
111	104
103	76
420	103
353	103
285	79
469	170
326	265
285	80
324	66
281	243
426	385
395	366
380	372
321	276
283	3
476	370
214	174
459	378
393	50
442	57
287	203
460	317
480	28
321	309
124	99
215	39
453	261
150	43
365	216
391	290
317	9
230	109
498	172
86	46
194	145
470	414
229	222
328	318
428	82
482	365
413	106
426	63
194	117
113	97
295	208
438	162
246	231
365	46
420	327
312	64
197	161
194	89
363	0
461	399
127	72
135	124
352	269
329	228
204	49
402	165
418	417
413	7
485	291
154	22
312	33
438	114
493	171
169	47
82	61
223	142
454	122
291	47
422	263
370	236
393	68
227	47
274	65
499	386
97	83
423	379
305	264
489	125
86	39
322	79
487	57
484	325
380	185
339	154
479	211
225	83
294	38
248	138
429	59
394	365
435	390
219	96
359	175
384	196
202	157
484	387
458	28
297	261
220	179
393	31
213	181
305	94
377	11
376	180
470	98
375	263
221	129
362	274
354	289
82	52
411	66
226	5
489	259
332	133
263	63
184	100
428	363
354	174
496	287
185	95
200	146
468	204
474	417
3	1
143	100
410	376
207	102
481	362
427	139
346	179
145	4
135	5
348	22
427	263
20	11
315	219
332	70
241	140
269	252
73	26
459	36
481	103
463	175
418	318
408	175
472	95
362	159
362	80
212	20
238	163
409	188
379	254
278	211
366	119
209	39
488	143
463	249
203	81
374	308
460	361
244	230
492	27
168	95
277	203
203	38
190	178
453	133
466	412
444	111
288	234
245	168
357	67
438	72
344	87
238	233
497	239
242	212
493	184
267	85
101	89
356	242
91	89
326	150
474	19
437	305
294	92
152	54
496	230
171	97
362	292
133	25
494	313
419	270
303	258
421	304
269	143
107	67
442	282
364	296
496	34
284	29
469	25
473	126
337	203
366	89
413	253
226	76
388	372
336	15
257	236
275	271
490	113
285	228
217	5
357	186
420	234
87	39
254	241
323	296
143	5
443	40
252	121
429	106
233	175
430	197
445	54
277	265
415	57
385	72
189	96
472	455
422	28
282	45
392	343
188	59
201	186
390	46
413	261
272	1
450	210
266	116
20	17
459	127
488	306
453	125
407	241
418	86
440	276
458	286
390	100
188	71
339	328
346	318
362	168
348	138
493	219
271	79
371	288
283	72
231	126
222	117
360	165
431	72
391	234
419	144
436	14
99	59
187	156
72	71
337	50
125	119
449	187
360	301
337	261
450	121
388	335
376	274
448	258
337	285
398	315
279	165
130	87
314	273
167	65
450	163
347	272
377	143
461	6
327	126
331	256
261	20
180	135
335	21
285	95
326	122
286	214
220	9
280	107
463	429
304	229
416	48
456	18
411	4
61	21
479	224
414	18
295	39
314	140
479	245
482	199
340	129
283	183
391	371
357	62
367	223
404	272
105	86
336	34
462	399
277	144
401	169
387	252
464	127
211	44
329	111
301	59
351	24
418	289
156	101
172	33
230	10
448	240
368	210
479	182
490	180
449	373
459	409
409	197
380	341
416	415
352	266
179	157
306	65
304	244
419	103
413	357
210	99
498	398
193	21
354	84
342	82
86	11
129	117
301	135
220	168
232	103
128	47
490	56
109	4
244	239
494	177
51	8
188	0
470	436
420	369
349	60
325	7
458	250
208	145
120	28
415	107
87	16
300	276
312	291
436	248
447	394
444	203
394	73
499	124
291	32
472	204
229	53
269	144
230	137
406	365
272	270
433	413
469	107
490	228
468	49
341	143
355	99
198	108
230	13
295	198
290	84
476	121
264	110
456	280
404	106
428	197
471	110
406	82
481	297
495	284
264	58
212	106
497	58
487	285
330	151
86	56
494	296
461	86
292	203
488	448
415	362
258	243
418	175
172	132
270	14
351	74
495	435
464	329
376	302
350	211
333	177
373	282
375	243
323	40
380	314
364	38
320	180
199	179
267	0
370	308
456	380
115	87
463	327
473	213
402	12
496	315
442	352
283	209
446	99
462	159
204	68
422	202
369	66
396	325
193	1
254	225
484	76
255	27
133	16
305	280
187	40
359	41
268	133
381	55
314	294
439	353
86	12
464	285
439	389
371	198
464	118
493	185
267	250
253	183
157	132
282	85
419	1
386	246
367	46
211	55
273	243
388	367
465	174
361	271
201	188
407	236
209	99
352	171
275	221
279	135
492	174
353	75
162	132
390	116
303	19
244	170
147	56
413	225
117	8
465	166
281	103
297	18
422	78
74	5
464	438
391	165
286	212
333	288
366	140
132	63
225	173
277	254
458	411
266	62
290	262
484	483
378	261
445	52
267	194
151	75
325	70
498	155
300	135
307	237
292	165
416	6
440	121
484	359
313	114
368	138
468	217
401	208
431	245
157	140
408	151
285	139
218	141
383	246
204	1
347	123
370	146
333	181
165	19
410	260
44	7
289	30
339	324
496	285
377	199
187	12
238	30
452	228
323	181
447	87
319	242
328	92
151	139
320	183
389	0
336	114
189	80
483	390
341	293
417	258
475	461
335	62
346	157
266	53
250	32
369	215
462	198
416	82
237	16
459	71
472	277
440	99
209	198
365	177
331	74
484	309
310	19
298	234
274	94
351	288
291	133
176	12
214	22
364	297
443	274
395	302
404	232
185	14
385	186
374	3
208	184
470	348
348	81
291	206
227	153
324	69
419	336
174	116
435	20
311	208
457	219
198	15
213	138
421	117
400	334
494	80
474	52
477	137
196	59
142	104
374	298
323	238
419	387
191	31
247	82
264	76
184	51
369	326
410	218
283	180
427	106
464	252
467	403
202	148
190	134
328	304
102	59
468	353
209	182
477	445
491	433
263	180
392	34
320	301
380	371
250	114
434	372
165	28
124	10
458	306
269	195
194	28
485	357
405	308
168	45
283	247
107	85
265	104
268	206
478	90
83	23
167	114
465	147
103	43
388	231
253	59
250	80
343	290
88	10
439	85
460	238
450	221
491	334
442	323
184	86
394	18
223	90
270	224
446	243
490	229
234	155
295	179
478	72
438	373
329	285
80	23
230	45
341	294
453	208
290	165
472	260
435	252
214	140
499	388
493	163
216	156
458	242
377	282
237	149
495	440
397	47
305	168
360	326
444	273
266	236
17	8
248	91
498	488
415	261
489	104
258	173
421	369
207	67
283	149
392	96
450	329
190	85
215	13
334	203
194	69
312	309
271	188
299	242
288	263
443	252
205	141
441	271
268	10
155	20
477	297
274	14
191	137
398	156
315	190
371	368
370	301
201	197
420	232
443	257
366	90
192	41
349	90
490	188
442	52
491	146
329	47
278	94
472	212
303	199
379	170
323	87
290	251
38	5
335	282
70	42
340	117
397	321
452	284
429	167
177	121
217	90
281	222
425	33
490	70
332	34
136	9
254	195
478	252
300	43
368	116
340	319
135	62
301	271
300	92
160	131
499	375
153	10
72	69
356	308
150	9
349	70
148	11
451	370
259	228
69	65
211	69
171	66
485	197
423	189
342	286
284	26
471	235
403	222
454	451
489	152
96	90
399	36
359	357
423	41
480	171
498	37
278	45
432	42
159	147
189	113
352	76
378	353
459	188
240	12
432	278
448	24
292	225
423	341
425	399
484	8
468	96
178	137
153	21
449	64
481	434
419	408
453	421
438	52
213	127
160	134
317	97
461	274
433	97
217	17
26	21
387	94
338	300
269	69
475	422
152	147
322	46
164	157
497	43
450	71
286	129
343	145
270	123
367	77
379	325
337	120
281	82
227	14
217	87
305	103
45	22
366	100
497	235
457	77
432	340
341	18
362	62
316	148
412	397
428	172
475	332
361	152
56	24
227	164
321	105
71	58
214	109
314	241
282	159
241	187
453	409
137	83
299	128
404	3
437	65
291	34
486	87
103	50
304	271
471	260
307	144
447	236
48	3
106	0
419	26
405	24
431	93
420	402
371	4
447	266
198	55
453	31
206	28
264	124
171	12
494	380
397	3
251	150
361	328
223	29
386	130
406	389
321	110
168	17
458	334
480	130
12	4
496	248
348	129
458	378
294	2
238	6
416	101
194	20
265	14
362	255
440	161
187	165
434	46
397	238
347	343
226	37
41	2
381	63
324	92
328	313
425	366
294	126
298	171
375	91
435	255
378	86
348	341
42	2
374	6
455	314
345	87
271	259
376	322
104	72
285	163
73	12
223	140
446	244
260	8
341	226
441	276
307	192
148	115
241	135
344	227
486	315
177	86
433	234
385	115
331	330
450	271
485	159
300	56
358	237
334	310
393	26
109	7
183	147
213	146
282	202
455	117
498	330
225	94
477	460
484	286
189	122
386	112
271	103
219	189
477	294
303	279
358	54
151	46
180	134
498	340
479	280
382	27
493	380
341	47
264	30
292	97
395	52
458	418
253	132
388	270
394	275
304	149
159	37
257	132
427	266
305	254
148	135
475	267
170	79
417	341
471	446
466	30
193	73
394	304
473	354
268	143
324	63
490	319
163	0
466	99
484	106
157	95
393	66
379	119
154	25
447	65
368	65
381	157
123	35
161	56
355	302
210	145
318	54
241	221
421	207
249	188
457	39
471	191
375	8
192	95
460	309
452	57
496	6
107	61
57	34
482	202
498	416
93	5
376	326
360	195
287	18
136	36
293	65
84	30
360	350
496	416
451	356
401	282
476	406
315	103
90	10
45	43
269	217
409	221
387	289
329	322
256	248
398	181
253	48
285	246
396	278
235	154
493	233
392	101
205	85
447	16
240	143
387	188
321	297
329	134
499	238
344	31
463	40
432	95
238	73
324	221
429	172
276	46
209	64
465	55
337	158
440	199
210	165
413	407
481	348
116	31
125	47
329	33
58	10
450	201
375	225
280	77
480	234
135	65
356	28
441	382
467	19
396	88
395	324
370	128
450	254
202	50
158	8
247	238
408	101
465	406
484	89
397	82
259	40
471	245
142	10
493	424
462	117
491	421
279	4
167	125
304	165
451	449
411	265
324	242
335	17
465	340
162	51
273	16
439	95
141	130
110	88
467	56
413	411
275	160
127	106
349	257
380	41
352	338
433	270
196	139
291	156
455	322
244	174
466	437
438	172
417	288
327	120
464	341
294	153
325	162
438	365
183	125
353	217
377	38
492	109
175	75
440	76
420	329
484	241
111	97
371	150
293	37
84	47
367	98
441	56
401	342
19	7
372	184
480	275
315	132
490	210
302	109
489	56
409	49
106	70
283	170
295	40
328	265
254	138
431	310
369	72
432	152
397	210
459	128
445	269
93	59
314	274
154	150
389	126
375	25
390	9
312	5
459	343
225	47
428	38
413	21
141	140
224	40
67	4
492	133
392	227
384	274
409	372
204	103
270	192
372	241
259	148
455	79
477	167
184	115
454	58
440	217
450	292
248	1
252	93
346	21
426	106
382	46
210	85
143	84
406	37
152	141
223	32
285	111
168	7
306	217
430	215
450	62
219	11
453	231
461	335
38	25
461	358
495	270
389	76
314	131
152	88
273	146
452	214
254	116
428	358
303	33
466	420
441	275
389	183
142	124
498	174
406	129
320	254
312	270
407	376
162	46
481	288
348	313
352	224
306	96
347	45
170	80
255	203
486	294
425	57
296	98
333	251
239	102
465	84
45	31
415	260
306	174
481	11
191	30
452	331
494	204
334	184
217	125
213	41
425	309
235	156
262	198
189	41
345	58
410	209
285	169
450	107
258	34
231	181
157	130
466	167
395	231
354	121
390	334
449	376
169	136
255	87
475	147
279	6
225	115
410	69
482	396
335	334
339	58
447	308
417	213
388	365
165	18
181	88
460	41
275	105
430	172
216	177
462	355
288	28
475	424
126	100
414	389
175	80
479	41
341	273
285	211
472	16
462	83
342	77
459	414
332	317
321	71
478	414
492	89
192	20
208	157
323	152
213	89
458	171
416	74
356	347
158	145
307	305
415	295
451	430
285	72
466	333
367	99
80	79
381	292
389	287
354	256
488	108
362	13
151	150
495	151
368	84
449	168
461	254
242	198
195	43
388	32
297	217
424	300
237	234
468	11
300	15
432	406
291	242
498	97
325	182
81	4
347	142
414	164
392	226
180	155
396	295
284	7
198	16
476	337
347	320
435	344
361	3
165	132
401	170
407	158
173	112
195	154
208	202
483	451
247	10
286	41
371	222
198	188
231	70
421	416
353	100
368	140
92	66
137	29
324	27
136	62
145	84
476	272
32	29
269	72
185	18
401	245
212	181
183	84
488	162
483	101
183	151
121	75
452	205
311	119
392	347
315	193
459	145
363	334
52	33
221	166
87	38
490	1
468	169
168	139
414	20
421	373
372	112
429	386
168	118
448	392
456	161
461	117
355	297
312	293
315	164
217	157
218	126
458	339
486	462
478	177
286	246
320	242
462	226
433	7
303	62
387	145
289	268
205	123
354	57
106	13
421	184
181	11
334	58
440	83
39	21
452	11
488	469
492	10
340	269
484	438
359	72
231	90
437	315
373	156
412	45
354	342
321	277
301	207
276	71
213	60
499	403
178	38
130	39
416	1
107	60
390	69
446	61
467	434
197	139
146	19
269	61
428	290
409	172
343	181
313	100
273	176
350	46
338	263
422	409
333	173
140	25
326	213
309	46
129	18
194	169
385	123
309	105
487	43
334	27
309	106
413	185
490	214
166	5
381	208
288	54
498	463
349	313
296	249
212	132
362	66
440	347
388	371
448	50
231	197
387	93
479	386
309	49
363	349
493	376
308	11
459	46
464	176
247	141
259	190
234	9
459	48
230	229
410	306
143	0
129	9
356	199
435	141
456	399
263	232
414	269
376	65
490	287
221	200
94	14
356	129
479	288
297	252
419	161
426	159
353	38
203	103
93	25
413	274
178	108
177	122
221	27
287	256
445	398
67	2
469	90
380	149
199	52
251	13
409	162
255	66
318	55
450	426
200	22
336	118
479	180
333	330
170	138
447	209
471	225
298	278
456	273
112	21
54	24
317	257
379	340
362	331
325	238
478	425
390	65
271	59
323	20
422	341
416	123
446	274
335	40
442	191
455	265
456	24
145	97
365	360
328	159
316	71
242	131
442	304
465	49
430	91
247	144
430	66
391	164
390	105
430	158
124	31
413	287
414	93
423	192
92	38
188	142
354	163
356	244
453	243
382	268
323	265
291	155
250	239
338	260
485	451
107	37
431	37
481	337
457	82
174	96
437	427
433	115
257	247
278	5
455	376
245	113
450	46
430	135
267	249
182	133
149	22
193	72
418	176
366	11
232	156
454	219
226	165
280	165
359	96
407	130
456	388
400	113
180	173
469	328
89	19
471	44
443	352
250	102
448	335
225	76
212	26
267	126
327	270
263	93
434	309
302	112
134	9
452	193
484	180
262	238
374	250
311	183
495	91
240	163
275	95
268	99
402	124
407	100
412	325
403	287
465	409
475	108
497	206
461	47
392	272
429	379
275	28
491	259
288	128
434	160
450	378
102	13
173	14
291	248
285	68
440	289
327	311
282	182
200	191
343	38
240	121
283	264
156	142
421	282
493	164
415	321
463	396
280	91
141	134
493	383
53	18
314	234
416	171
372	319
58	23
188	34
163	99
245	57
370	158
485	260
493	284
214	190
444	191
148	46
375	176
430	125
332	151
264	77
480	463
273	189
456	166
289	265
297	235
409	280
263	136
68	11
407	392
38	9
415	369
304	129
252	8
306	156
466	242
452	10
418	16
256	138
255	65
425	8
280	48
446	39
305	235
480	439
276	26
157	19
348	77
441	208
41	14
210	34
265	191
440	84
489	466
232	25
129	67
490	31
317	237
313	124
253	170
390	28
489	105
358	61
498	382
198	33
197	180
472	52
326	170
385	5
446	192
461	259
399	5
312	180
168	16
437	7
150	46
96	69
193	75
419	99
434	290
359	180
466	139
227	59
191	16
210	67
467	235
463	167
476	329
402	16
439	383
330	82
447	108
222	109
470	338
244	133
324	85
217	85
266	68
261	13
423	28
400	259
390	156
379	287
310	257
400	272
293	289
491	293
75	57
103	26
256	18
499	187
459	431
365	23
439	214
405	341
113	21
335	302
376	240
178	67
410	404
307	45
168	156
187	79
476	80
125	17
379	371
404	380
295	123
392	63
431	237
94	15
231	159
483	401
43	7
430	347
171	18
498	32
95	75
257	62
472	113
320	234
340	7
19	4
465	137
411	347
216	42
440	95
475	311
291	140
496	187
422	192
352	12
394	392
235	224
303	251
182	89
474	152
255	21
398	5
498	388
413	284
65	5
488	96
369	361
319	307
204	135
444	119
483	478
285	33
360	181
150	41
497	282
455	155
427	370
499	63
381	174
470	172
260	193
495	201
266	160
285	63
304	56
427	135
403	325
333	326
445	360
192	0
231	216
466	453
185	136
63	5
418	362
216	33
483	424
332	112
430	70
58	48
296	138
126	18
319	267
366	225
458	290
422	36
277	213
197	110
95	82
264	105
332	153
166	148
97	81
418	201
417	200
477	57
405	52
187	149
143	33
350	85
413	405
112	87
389	238
388	144
404	62
460	303
433	22
452	196
460	18
202	196
109	58
85	23
238	67
230	175
202	185
424	182
70	38
481	75
367	254
480	473
344	182
244	188
453	152
234	87
246	23
310	43
451	298
475	69
499	481
492	329
244	59
435	316
463	170
379	174
405	253
218	170
448	188
284	138
467	75
221	173
189	51
489	310
398	147
397	79
233	139
387	194
204	189
315	118
498	206
387	68
336	17
251	52
429	292
233	201
44	43
165	97
239	152
280	244
256	162
412	342
400	43
442	423
400	39
294	286
391	266
443	221
399	96
192	25
428	185
271	11
240	201
280	115
471	226
289	231
421	67
370	321
258	23
158	108
65	30
211	158
469	237
69	15
312	213
253	29
243	3
373	308
168	97
333	203
441	247
252	84
464	222
406	247
452	157
275	247
352	109
346	242
330	307
364	235
443	122
434	117
13	0
363	195
165	54
261	138
289	234
401	179
209	115
205	184
432	101
485	339
397	12
425	313
108	40
264	71
425	149
163	139
472	55
389	367
120	26
398	145
301	12
489	372
457	48
461	331
360	85
189	100
209	5
499	381
363	109
480	41
477	67
239	103
299	281
265	116
197	82
376	81
294	61
451	445
279	64
131	120
130	129
259	66
204	133
324	118
324	194
249	202
164	94
68	66
493	320
317	140
465	334
247	78
228	109
460	452
389	219
341	241
467	249
78	33
416	177
253	12
112	47
388	11
412	368
284	205
499	24
282	65
108	63
221	121
73	6
412	289
297	19
485	141
313	246
377	63
417	195
411	258
498	180
272	140
386	255
396	255
195	164
125	46
408	338
460	167
388	109
375	60
248	99
263	74
493	48
40	31
400	396
445	234
415	175
423	348
275	132
56	53
477	356
386	347
356	24
396	139
218	56
370	265
401	257
421	240
330	285
477	143
472	200
214	212
491	277
315	182
358	236
362	215
459	228
476	440
246	104
159	125
469	376
388	302
120	56
174	87
383	269
172	145
386	177
437	42
395	267
446	376
346	173
223	104
234	160
194	10
285	233
426	136
456	123
368	329
431	31
431	317
442	107
354	311
114	1
256	186
315	255
498	153
373	337
279	159
404	291
302	159
67	18
303	266
395	257
178	31
229	212
267	11
189	114
186	46
375	44
325	196
151	72
236	229
474	409
118	59
265	219
482	63
491	235
453	90
213	147
261	239
356	207
222	5
171	102
279	73
435	131
19	9
360	280
74	37
384	165
408	213
320	300
479	395
436	130
299	28
422	386
320	5
478	361
298	167
426	374
208	203
282	157
138	93
322	238
247	134
130	86
249	24
480	477
432	35
277	48
353	307
298	26
329	150
247	181
494	262
239	167
377	173
454	311
159	52
468	218
258	150
428	297
346	217
282	24
409	289
479	316
411	54
280	278
353	145
402	89
189	38
477	132
485	258
303	206
456	144
96	77
306	122
339	175
191	87
338	103
377	158
205	127
384	106
440	381
379	278
457	167
244	48
164	11
401	35
361	342
179	110
430	313
365	212
189	55
463	419
319	215
427	237
310	148
433	260
376	314
331	136
210	109
261	80
199	43
486	71
464	241
384	15
348	158
499	62
439	406
138	132
423	317
456	301
318	234
244	117
390	149
161	18
441	220
149	50
470	143
377	225
390	102
458	372
326	49
288	273
337	136
377	345
423	179
288	253
454	407
490	17
160	142
189	88
461	229
100	31
92	14
465	156
293	16
279	77
362	304
425	242
335	57
135	72
208	206
438	65
286	27
496	0
425	168
494	95
239	62
52	37
349	25
373	237
214	199
271	73
345	30
442	145
341	195
455	405
333	285
371	284
419	404
357	253
374	143
460	31
243	37
380	320
442	293
446	171
367	244
249	200
345	113
301	178
487	44
194	68
438	81
161	85
137	22
339	53
374	206
355	225
200	127
305	225
417	160
472	446
475	182
343	196
232	92
469	167
460	418
464	199
354	207
490	365
301	265
428	350
494	454
360	202
416	154
326	72
207	39
162	19
187	136
473	422
203	55
440	285
421	135
358	154
180	174
437	318
427	371
414	372
344	196
191	105
148	10
263	95
497	228
363	317
450	265
285	210
128	30
230	162
191	125
252	0
455	62
94	45
60	43
370	336
358	36
86	5
491	207
484	256
64	38
140	28
342	177
382	120
420	382
363	162
472	288
360	227
262	235
155	17
379	255
444	101
476	455
316	91
373	174
313	226
211	72
451	231
98	49
183	26
353	2
498	487
327	176
327	312
76	67
369	195
440	189
27	17
366	242
456	297
341	50
213	156
489	212
218	189
171	41
80	22
250	35
120	86
146	117
335	16
78	50
480	161
397	101
27	3
353	154
371	242
77	4
225	171
326	44
387	335
332	240
395	250
475	371
147	146
321	21
418	191
459	302
330	84
194	115
264	209
310	32
394	291
432	74
483	68
477	285
88	20
308	191
497	179
416	384
286	267
440	399
111	65
370	83
495	132
196	108
393	338
117	37
323	264
434	53
453	264
394	178
436	61
145	94
387	240
126	83
450	446
490	284
453	226
47	43
495	373
67	16
470	149
482	291
141	80
437	126
355	67
467	161
466	14
198	7
202	161
256	130
199	9
444	157
173	3
491	157
476	219
97	30
417	24
417	222
350	282
362	199
291	269
181	29
364	177
102	37
255	9
214	37
416	306
368	107
386	303
82	72
289	96
192	127
399	160
494	147
476	105
342	236
268	242
491	213
494	451
487	471
483	385
147	9
304	208
409	384
469	420
300	99
470	274
453	303
394	281
332	258
363	270
265	181
482	315
470	65
327	156
475	319
262	100
459	407
303	48
185	156
488	114
387	123
125	9
337	114
417	409
492	452
472	148
343	307
444	212
483	389
188	109
358	333
270	189
488	302
310	297
444	221
254	94
116	50
427	416
485	266
88	7
358	170
418	117
205	48
206	194
436	160
482	224
374	347
287	149
401	46
256	17
243	18
260	24
144	20
250	27
354	205
190	28
492	304
231	66
482	478
393	101
324	71
328	8
406	395
406	66
148	101
448	99
408	239
335	324
346	17
318	68
320	297
402	385
370	307
441	0
276	193
173	146
494	16
475	11
414	381
116	73
435	411
352	130
281	24
170	106
486	389
165	17
308	27
267	223
376	161
194	178
416	402
95	87
185	147
286	125
319	8
395	274
446	40
197	2
398	394
309	284
176	23
333	308
116	67
464	299
251	240
397	35
112	64
442	79
205	100
487	168
490	363
422	126
336	228
77	8
142	28
286	19
339	134
236	11
476	410
409	146
477	463
280	264
359	37
245	123
384	377
269	164
405	386
351	345
358	190
379	79
140	114
492	286
478	190
258	167
439	195
262	2
296	155
278	184
130	68
216	38
496	317
189	115
363	261
413	370
417	114
268	204
299	49
134	105
412	110
480	470
478	143
462	82
474	61
145	65
423	44
311	4
373	319
214	101
325	147
402	384
400	343
236	52
285	219
495	274
472	216
321	320
355	176
413	179
169	143
127	5
127	94
313	209
166	63
481	285
366	47
291	229
209	19
387	250
406	102
281	122
371	259
216	53
131	33
90	82
377	150
356	226
405	250
497	5
480	219
324	154
318	268
457	378
451	100
300	249
350	223
370	194
482	467
118	51
374	184
404	307
450	152
482	408
290	231
174	32
488	263
477	207
482	375
346	19
439	148
227	20
289	282
307	152
424	111
257	239
264	50
438	209
288	179
485	443
93	44
220	111
318	166
344	285
98	3
471	137
392	355
334	3
459	400
339	256
475	82
372	335
276	2
329	302
462	322
262	174
256	144
91	4
489	350
243	77
228	9
446	148
141	135
414	289
367	208
459	149
37	16
382	105
279	250
483	221
241	182
448	125
461	298
248	86
288	68
243	8
486	330
62	48
499	119
351	328
228	69
462	3
487	45
393	205
160	50
211	68
462	237
104	71
366	131
462	241
256	93
231	170
221	193
434	396
377	189
311	16
483	152
382	166
380	312
491	209
237	213
415	92
439	391
428	146
489	47
399	198
397	40
381	70
447	118
486	248
408	241
311	156
206	114
358	70
385	233
85	68
225	161
173	94
131	30
457	399
295	195
398	46
334	227
307	182
164	86
237	147
299	286
452	444
296	192
478	32
411	197
304	252
273	212
479	161
326	46
128	101
297	278
320	122
386	66
303	285
372	365
282	174
340	105
469	433
214	14
453	446
499	89
420	384
244	206
473	455
430	399
95	54
93	76
383	151
421	307
459	451
169	155
458	196
355	257
300	76
196	143
488	217
10	5
468	284
165	163
463	271
298	175
331	262
245	24
332	232
483	360
404	119
372	162
232	178
437	407
199	96
356	254
252	78
308	15
456	386
241	8
407	162
265	186
314	188
372	25
372	357
403	35
388	238
383	311
380	344
300	109
485	230
292	164
466	429
334	313
178	123
88	85
255	239
342	282
223	103
120	53
349	269
263	135
499	145
162	31
379	339
361	291
409	187
429	2
212	0
371	83
436	234
407	240
495	338
318	299
489	283
209	168
92	89
295	252
450	262
497	378
441	433
476	354
382	346
451	260
184	14
258	232
472	110
144	90
477	126
448	226
198	25
452	14
321	125
207	83
419	272
237	197
482	292
448	349
389	288
145	78
474	73
232	23
407	366
365	101
460	275
463	276
186	19
375	125
157	46
291	258
377	41
49	26
426	404
328	156
272	164
314	135
374	281
251	110
186	161
286	179
414	141
376	311
458	447
341	167
254	35
398	60
281	85
444	69
55	30
409	263
365	95
236	205
411	343
429	57
265	1
430	152
485	204
54	33
367	86
393	387
429	351
398	380
369	191
424	2
345	98
211	36
459	256
456	95
375	212
496	231
327	19
349	290
417	290
357	220
354	24
342	256
373	129
202	99
440	309
416	389
397	75
217	18
373	148
400	302
96	52
419	304
405	113
317	272
305	207
287	86
182	68
348	47
428	291
405	331
378	285
464	10
462	89
389	322
437	104
227	9
289	20
429	149
286	2
326	235
443	25
79	33
336	13
389	284
388	225
478	166
367	229
474	301
486	481
428	216
309	6
367	91
419	397
188	32
302	201
173	15
160	119
125	105
492	368
202	49
300	232
368	215
468	52
394	225
172	27
217	107
440	185
211	38
449	199
266	56
441	323
365	309
454	273
484	19
461	337
458	262
66	5
405	126
478	176
462	395
360	125
344	283
286	49
483	349
438	135
204	69
284	181
425	129
361	349
371	172
211	170
407	393
226	186
349	253
279	65
448	299
358	87
352	165
469	307
383	49
350	303
435	424
479	432
339	174
242	43
362	197
405	29
104	24
300	267
488	435
453	120
422	11
190	100
390	246
359	62
48	28
96	23
388	39
441	73
128	17
471	25
459	129
492	214
419	253
369	280
448	292
490	111
317	41
181	62
321	72
246	187
382	150
484	68
424	398
122	34
364	71
349	93
419	239
101	76
428	65
340	124
446	280
154	0
457	180
256	211
372	75
432	166
226	127
149	120
495	147
372	84
139	79
464	366
300	112
299	1
275	229
450	203
137	25
194	72
460	191
416	161
385	128
128	85
425	398
465	76
464	312
345	220
197	74
361	103
487	200
383	369
203	169
436	191
296	23
359	185
496	206
429	239
334	245
473	246
287	128
274	15
496	334
407	252
204	146
442	255
364	133
180	179
448	402
289	113
312	310
478	236
331	101
416	295
285	201
415	391
357	259
359	236
272	248
295	45
396	6
258	147
339	181
333	221
228	75
393	45
402	394
306	173
482	206
429	104
429	63
312	84
162	111
268	241
400	255
481	372
403	169
464	335
489	436
433	336
428	376
420	9
208	178
75	46
283	0
167	14
424	91
379	354
208	194
289	85
229	142
23	13
299	177
338	9
262	27
365	359
280	60
475	248
268	207
385	131
451	29
451	71
438	174
264	99
271	42
457	293
486	32
320	268
181	14
171	132
497	237
306	127
257	126
205	177
269	152
306	66
327	24
247	57
42	38
362	36
420	1
267	14
263	163
480	414
190	148
285	137
492	403
368	110
462	310
234	25
290	92
410	188
424	26
143	111
436	338
372	159
437	88
477	2
219	41
205	178
401	302
382	50
462	447
227	116
193	92
463	325
335	49
481	45
376	166
139	90
221	113
167	37
305	174
442	163
327	59
470	374
162	60
307	231
447	93
440	172
397	125
475	121
434	18
257	199
112	4
332	10
228	139
427	92
313	287
482	43
196	137
452	49
414	250
364	131
324	322
185	100
372	283
109	107
483	186
443	416
447	30
491	126
328	12
407	355
291	89
481	209
493	199
282	262
491	195
172	152
207	147
279	270
360	149
348	179
428	321
433	198
425	259
298	16
422	53
250	179
364	201
490	317
467	382
225	155
328	220
283	83
166	126
354	15
255	34
266	252
342	331
33	8
479	187
492	162
453	158
169	4
459	347
287	281
74	8
381	89
363	85
215	73
498	409
369	203
498	190
217	209
260	252
356	5
496	462
417	321
431	430
146	1
300	219
36	35
363	329
364	167
172	90
408	380
427	107
281	235
74	69
352	321
55	24
352	250
161	105
432	221
450	153
404	159
328	66
191	74
494	246
175	71
219	129
266	182
85	83
444	17
223	168
478	303
271	89
466	47
388	15
126	29
232	50
444	282
436	229
78	62
369	99
236	12
496	108
296	272
437	60
484	114
365	253
158	130
400	223
378	286
425	133
379	3
467	86
349	287
327	5
463	131
434	252
70	58
300	33
410	72
225	145
257	5
380	10
441	295
70	0
242	184
137	135
458	92
484	357
464	288
450	141
420	154
377	206
68	52
261	145
238	19
427	233
427	379
379	39
467	208
457	310
461	99
477	308
481	349
372	35
481	114
405	130
481	236
466	189
331	56
185	146
311	26
109	38
285	199
118	88
427	122
219	88
322	87
446	237
470	54
185	69
332	124
398	382
275	75
238	191
483	51
390	15
280	168
162	14
495	476
320	206
60	31
202	133
331	298
429	414
390	47
262	216
425	381
445	136
461	174
43	42
417	366
434	314
300	17
168	83
416	341
363	250
395	110
488	375
283	254
134	94
407	394
456	112
399	21
386	249
470	446
398	305
445	166
391	108
218	171
477	220
161	146
458	141
467	242
142	110
489	396
486	454
244	222
431	95
451	223
360	129
264	236
287	177
409	330
315	75
405	46
410	370
210	81
405	381
130	47
279	138
364	303
248	123
229	185
337	311
454	308
396	354
255	251
290	195
139	9
402	81
402	268
430	278
132	85
395	81
391	306
441	394
471	115
337	231
475	359
324	54
417	191
181	90
317	67
498	394
392	138
263	185
277	62
384	99
433	284
110	46
270	90
128	116
383	213
465	224
398	122
440	213
396	42
214	144
494	311
276	231
484	104
153	149
202	69
450	325
284	276
156	111
392	313
418	307
451	374
323	239
186	56
417	361
340	278
196	85
461	275
481	43
408	264
421	321
386	295
145	22
422	2
235	159
242	221
470	156
411	250
330	141
493	423
423	76
272	50
246	119
489	381
407	90
211	16
478	253
414	276
447	427
190	4
56	8
251	84
330	81
495	213
64	21
458	44
335	308
461	411
485	150
316	128
403	192
178	80
367	175
275	98
353	23
366	135
486	176
342	260
486	316
408	71
233	45
168	76
472	261
254	100
234	225
195	8
448	370
360	295
407	53
478	273
134	6
226	15
207	2
360	201
461	153
81	51
91	53
138	122
423	320
326	240
414	146
358	135
383	138
341	92
288	231
496	139
365	218
470	97
469	363
99	1
373	164
218	24
329	136
428	160
248	236
71	29
155	58
282	78
151	84
102	11
308	299
434	163
230	9
380	119
365	104
221	42
343	40
426	214
428	280
492	290
165	135
244	131
489	304
216	204
411	306
434	178
372	326
228	183
463	136
451	184
437	379
493	131
441	292
159	129
338	183
93	24
460	143
481	465
312	4
307	145
261	25
276	270
308	23
343	216
434	72
328	277
416	345
321	1
365	290
99	38
470	372
302	51
442	128
314	168
410	184
240	213
473	67
477	29
94	2
275	20
406	359
429	342
428	154
190	84
303	25
279	161
219	177
383	36
494	132
465	363
459	394
394	224
383	2
417	5
347	87
394	111
190	163
414	172
142	62
247	186
374	306
374	220
217	134
402	306
448	100
497	403
348	88
392	163
145	58
44	37
403	190
433	421
380	194
316	174
425	50
493	239
312	114
461	378
191	69
438	427
439	345
309	116
57	39
381	88
492	123
364	100
458	393
464	458
484	132
481	163
222	181
174	33
208	129
397	108
466	159
376	363
449	314
262	171
492	160
297	39
420	266
351	274
442	212
430	79
199	83
496	290
393	43
61	29
240	91
430	19
374	303
466	376
241	99
125	84
259	134
361	228
408	257
457	4
400	274
18	17
456	288
395	360
323	310
472	25
272	87
305	178
443	43
381	282
423	276
402	374
292	158
287	123
391	263
217	42
184	154
435	222
404	360
426	348
288	214
445	417
123	27
341	57
296	143
173	160
255	176
385	82
271	120
407	97
444	82
362	307
482	156
455	220
350	74
485	1
354	197
339	180
439	419
454	32
321	185
319	24
210	195
318	46
404	391
290	283
262	106
335	163
414	156
415	120
194	191
428	181
435	175
397	44
272	105
267	167
291	230
298	197
255	247
429	326
161	141
158	70
396	361
450	233
368	6
381	6
412	350
432	210
290	47
228	208
341	31
202	150
348	45
458	32
322	76
265	85
496	115
428	419
320	292
301	45
215	36
314	298
385	285
110	62
252	245
454	353
324	220
468	73
385	102
37	6
291	159
446	13
368	341
325	27
443	370
280	19
140	123
403	296
235	3
66	9
232	98
194	4
304	213
317	276
396	34
398	252
474	373
352	304
131	35
322	108
142	123
283	242
142	113
424	339
289	171
390	339
392	128
424	388
465	399
417	138
329	299
475	446
309	199
305	52
382	43
493	32
368	325
240	154
227	69
280	257
492	389
459	295
121	0
197	79
167	18
225	63
484	386
201	125
379	34
383	8
342	13
211	167
443	344
277	243
276	114
439	47
415	154
375	270
110	73
185	138
418	27
35	0
490	58
383	215
377	157
422	379
334	38
450	76
122	38
348	118
310	265
133	58
160	138
343	275
413	230
315	42
247	135
444	416
357	320
235	27
237	192
256	89
488	238
148	24
424	180
145	17
412	40
61	60
453	71
453	92
424	5
398	25
151	12
427	398
227	124
474	190
296	70
215	210
388	246
446	199
189	12
81	75
400	287
354	293
462	409
422	201
152	148
348	98
437	58
463	58
100	75
359	203
311	302
392	7
243	76
365	221
486	227
300	217
212	207
489	69
207	73
476	0
333	133
448	388
407	26
368	27
284	147
307	12
176	66
384	288
465	414
263	178
328	177
301	80
399	185
308	45
300	293
166	84
39	35
321	139
367	333
401	271
168	31
334	248
439	305
450	430
279	80
277	120
359	61
190	23
470	417
454	83
338	91
474	286
257	182
135	119
482	217
260	99
451	413
205	23
468	395
334	221
432	313
387	314
407	211
231	124
197	97
288	145
222	204
229	148
284	112
161	84
140	45
449	173
135	6
494	483
362	81
430	190
428	220
465	134
484	218
247	102
492	219
444	117
418	351
407	249
441	110
299	237
475	364
296	128
307	224
489	31
303	124
429	56
397	326
340	302
77	35
385	155
338	59
402	129
218	187
185	56
450	116
493	15
269	51
403	201
397	320
87	5
487	237
278	85
471	429
277	151
350	336
222	35
213	83
449	287
362	93
115	10
418	340
433	183
419	108
158	12
223	107
253	172
451	37
192	123
266	132
281	189
473	202
311	236
178	112
487	46
499	468
489	307
463	142
139	133
269	206
444	242
394	213
418	258
259	67
469	278
298	11
447	23
255	74
426	218
249	34
201	16
234	187
382	232
498	392
321	157
412	228
428	206
499	232
260	120
323	63
261	253
246	58
382	323
467	177
282	75
240	206
173	74
468	270
455	383
279	116
254	9
53	50
445	318
283	188
232	228
144	60
381	300
192	171
393	136
487	0
469	73
125	30
288	58
422	336
453	161
368	184
313	185
437	365
427	285
305	35
483	63
420	124
449	5
357	98
270	267
468	103
268	41
480	138
492	73
475	413
426	241
297	148
196	115
290	242
292	162
299	217
351	295
356	325
282	269
453	77
164	36
332	312
255	35
167	31
478	324
382	81
338	48
211	131
335	212
115	28
403	63
401	372
307	50
476	115
71	25
381	130
405	300
297	115
427	176
417	40
418	341
467	80
79	41
326	126
308	69
117	25
222	9
434	98
166	115
455	27
411	290
429	143
360	225
398	385
113	91
220	3
313	163
268	23
156	52
147	86
474	273
435	434
463	355
476	466
296	259
394	175
488	124
452	29
289	180
81	29
