107	51
368	220
409	148
422	69
101	8
212	119
413	277
440	419
383	362
127	64
221	206
455	326
378	179
465	410
368	173
450	249
97	83
369	107
397	305
165	86
229	123
348	292
260	236
491	466
313	170
214	178
425	6
247	118
90	62
214	66
321	212
141	106
341	147
210	36
480	183
455	330
316	234
45	41
427	10
49	34
287	272
386	211
261	90
337	21
176	136
475	173
469	438
459	434
449	271
221	51
419	237
403	12
345	327
368	141
315	312
46	39
441	418
197	104
172	12
413	29
479	428
398	261
63	61
414	311
173	131
225	97
353	162
424	233
402	212
370	52
164	18
419	292
215	189
471	437
358	159
140	51
310	4
94	5
306	25
309	83
275	71
414	238
252	173
382	248
476	429
456	155
261	80
278	49
348	317
296	266
479	9
490	392
366	52
256	208
387	118
184	166
495	473
244	240
328	123
212	196
457	37
489	288
39	19
226	200
24	9
305	137
170	153
415	125
224	172
104	84
468	237
414	367
439	115
469	180
314	126
287	207
466	315
470	334
415	347
376	312
456	290
179	75
461	258
329	27
166	60
269	21
330	29
259	111
113	87
402	322
461	427
249	127
14	0
265	256
317	75
216	147
68	24
246	57
347	49
414	322
193	163
432	41
459	436
494	489
244	108
347	15
473	264
451	434
468	141
405	128
482	354
354	91
332	75
444	89
418	126
450	109
205	65
293	34
398	299
453	366
174	128
144	103
443	81
403	190
440	34
384	243
297	238
452	320
333	151
230	130
246	174
233	213
426	379
422	281
224	181
291	204
166	104
270	118
396	139
453	407
320	231
499	241
186	39
141	59
447	410
489	136
260	24
387	230
93	3
247	30
180	80
290	55
52	38
144	30
438	27
273	113
452	108
378	157
480	433
268	92
363	296
469	191
486	82
224	108
193	165
374	121
486	90
252	57
452	151
436	215
419	250
322	298
227	23
253	91
58	23
369	147
333	202
330	269
368	79
364	225
411	220
256	224
371	126
398	231
276	82
282	111
466	413
470	190
496	410
310	24
349	114
348	235
375	114
271	76
35	30
78	12
266	94
439	175
281	2
209	0
456	416
418	240
338	73
112	94
256	143
318	262
447	159
492	415
77	64
350	295
424	361
322	18
390	143
498	46
475	93
408	261
308	41
384	332
440	197
277	20
393	70
445	245
393	30
440	230
326	15
294	132
476	207
473	269
186	16
441	414
410	188
152	95
161	6
465	34
384	203
354	1
183	168
131	21
225	42
468	286
320	224
353	118
455	31
347	120
462	315
214	180
479	315
411	214
97	61
386	223
368	253
355	343
401	170
381	167
310	305
424	208
295	171
380	106
407	217
314	263
363	153
433	279
218	49
496	239
421	417
492	471
406	383
448	83
106	98
343	231
137	65
467	389
413	13
399	281
447	217
479	387
386	245
191	90
483	145
400	243
235	116
430	309
474	321
159	52
363	231
388	228
300	108
404	26
315	271
349	296
421	396
251	126
246	220
148	91
402	382
303	190
351	125
324	159
160	27
262	40
330	283
454	261
361	226
50	25
468	223
304	70
415	113
445	288
432	32
204	59
194	60
205	190
139	80
497	478
420	237
238	1
383	358
188	182
302	178
419	142
332	313
219	199
237	173
414	122
177	33
303	299
396	295
144	77
442	209
110	66
354	155
453	74
449	299
457	258
30	7
321	141
330	257
376	149
145	90
451	269
449	212
400	58
400	97
370	47
454	187
403	307
353	323
499	334
284	279
371	26
454	167
412	359
453	175
243	219
463	119
220	197
393	90
276	121
301	92
336	82
422	183
373	360
425	370
433	354
279	155
463	213
418	299
366	102
228	186
193	122
322	101
378	11
383	369
449	54
391	176
360	156
415	162
144	95
471	447
392	164
198	26
429	72
468	359
264	146
377	293
418	42
413	213
421	113
302	132
378	325
430	51
461	256
493	168
314	187
424	27
86	0
460	20
353	178
339	167
371	290
396	165
373	329
348	249
372	115
244	126
325	219
237	45
416	394
489	460
387	185
439	133
391	297
231	146
487	321
411	246
27	2
481	38
201	111
230	19
391	44
80	41
292	68
183	30
416	279
456	438
414	330
329	274
202	188
444	106
455	5
169	159
270	100
136	82
338	40
331	173
419	236
272	113
181	150
435	215
425	396
495	431
172	155
415	219
229	16
446	41
367	118
387	231
489	224
167	1
110	2
476	306
384	57
347	107
322	61
382	264
490	27
278	277
418	236
284	153
243	29
458	166
397	212
394	26
418	201
302	157
474	372
159	21
140	90
485	110
96	7
451	141
340	338
297	193
200	158
429	58
52	50
364	38
328	11
437	433
446	96
328	13
321	18
406	176
254	131
427	298
422	221
397	32
277	169
243	9
363	169
152	88
163	161
325	41
397	74
292	232
291	71
454	28
302	295
202	9
185	6
298	119
343	226
487	463
408	33
266	151
416	159
344	74
198	28
174	130
47	10
462	268
262	141
381	96
96	95
445	139
410	19
463	184
329	210
371	7
326	110
392	185
353	351
488	472
148	104
79	1
320	316
313	149
298	223
483	469
451	387
429	63
72	68
260	80
392	197
382	371
379	247
425	165
389	151
440	270
433	282
390	374
372	301
361	264
430	192
316	5
490	411
170	90
295	143
139	77
258	164
475	424
464	213
442	75
293	10
149	76
438	409
364	233
379	27
487	4
444	140
161	134
453	288
405	246
332	29
427	145
432	181
291	188
187	69
372	271
155	37
435	154
332	166
143	105
294	58
90	31
496	493
231	158
286	105
375	183
412	259
271	9
162	15
435	237
227	20
419	172
252	82
451	125
486	405
424	70
455	98
391	135
494	245
377	90
393	3
303	88
174	145
451	78
226	7
348	141
215	114
353	51
330	27
485	483
400	81
157	155
396	238
345	8
250	81
409	191
183	103
480	21
482	102
216	121
446	424
493	337
384	90
367	131
210	110
306	153
302	120
333	253
373	282
498	413
404	101
311	266
362	274
340	339
458	229
471	446
428	379
306	204
422	162
58	37
205	36
480	479
440	158
358	63
286	82
403	244
360	188
444	203
493	219
480	58
279	13
355	286
178	12
407	157
221	98
154	123
431	263
322	91
375	148
453	336
290	155
379	225
249	242
417	46
215	191
463	460
344	147
477	210
401	219
458	428
157	118
217	193
319	220
360	305
132	116
237	1
494	472
467	332
330	78
394	35
418	107
464	183
162	155
412	5
138	135
455	355
305	34
473	367
357	215
318	276
235	49
398	323
252	91
251	183
312	140
314	53
373	89
390	78
276	273
203	38
288	94
377	327
263	250
469	340
203	97
362	205
415	308
427	368
447	189
361	276
370	307
470	156
432	420
429	299
329	44
428	65
401	140
293	266
383	341
340	331
239	60
308	287
341	339
414	296
461	62
473	224
313	57
403	117
413	391
234	192
345	5
468	123
322	135
329	221
338	111
287	31
277	275
315	185
468	67
341	30
499	314
375	135
317	297
393	77
450	210
426	301
437	259
369	93
473	281
227	175
341	23
381	117
223	164
208	186
105	23
207	187
371	242
204	57
427	373
323	281
409	44
201	80
329	190
381	157
356	341
183	73
270	259
126	45
313	309
379	177
384	136
88	65
469	463
35	31
425	168
443	436
440	336
332	282
208	180
349	175
244	120
496	375
310	282
322	297
322	216
336	133
487	136
318	164
474	128
337	307
419	418
411	326
318	68
155	45
390	18
466	428
195	24
278	113
307	153
406	8
183	108
382	307
474	37
367	265
357	255
232	58
327	89
365	4
385	24
445	82
444	322
148	83
348	282
221	35
467	221
146	85
381	313
479	417
403	11
344	341
351	30
483	356
249	168
365	67
236	79
447	164
75	19
180	25
496	330
368	345
436	401
461	353
457	97
41	8
278	239
344	214
347	126
199	171
499	53
309	34
364	1
491	474
260	106
392	299
304	218
453	29
489	400
335	257
208	176
411	273
214	193
53	1
254	188
381	322
480	25
159	94
317	197
325	179
282	227
436	337
140	29
341	189
230	97
465	463
442	119
375	328
329	272
285	187
395	199
225	148
314	305
384	337
454	442
221	9
428	127
392	209
257	60
99	30
415	359
422	5
423	143
90	65
483	9
316	133
209	35
376	185
376	153
415	167
377	278
404	376
279	252
346	319
117	66
457	132
311	19
245	32
488	282
400	250
82	21
490	157
402	307
181	60
371	122
111	83
413	128
247	68
354	318
378	150
471	109
415	256
422	64
356	132
469	363
185	151
379	114
424	59
207	54
337	223
356	266
469	335
113	3
448	357
403	392
236	159
234	89
234	45
379	129
448	111
370	98
492	113
444	249
409	250
307	214
228	113
427	386
444	170
198	85
381	169
391	390
55	6
363	57
344	307
297	138
178	136
193	24
398	301
146	60
213	133
141	21
193	129
470	256
222	63
455	75
404	59
433	151
461	322
437	216
458	254
383	78
367	241
401	343
338	282
269	138
293	73
161	5
135	67
389	225
459	421
306	277
445	414
200	164
205	167
250	111
441	156
69	10
391	224
192	49
292	87
237	162
194	7
169	76
395	39
307	231
496	95
223	197
128	6
185	59
258	151
342	71
405	335
449	126
484	132
449	310
118	31
110	38
321	151
477	183
312	72
329	124
203	84
402	20
480	377
334	294
347	179
334	229
93	28
381	280
116	7
323	34
457	449
353	304
324	123
497	25
401	179
290	223
423	228
438	312
449	389
361	92
419	0
321	243
224	144
415	376
384	38
309	44
383	17
249	226
494	53
432	98
182	76
219	208
485	103
170	22
143	141
220	194
451	184
263	180
206	142
404	149
386	333
477	4
362	262
411	178
143	54
408	339
376	67
204	64
406	381
477	25
416	183
499	414
456	423
403	372
328	87
318	246
79	59
304	226
459	289
492	222
39	22
223	181
463	419
394	246
471	45
245	9
376	368
141	13
488	205
495	427
492	422
233	142
253	116
437	98
263	222
465	239
366	112
473	373
144	109
439	103
439	39
412	121
303	250
188	99
397	44
256	218
363	135
399	333
271	194
269	89
383	59
241	152
414	1
319	60
331	194
424	250
451	204
443	226
420	286
346	309
378	34
443	149
298	92
388	103
276	59
440	130
371	225
395	311
424	260
452	98
425	120
442	355
489	133
431	421
349	177
405	19
473	395
421	266
327	196
337	7
211	128
155	40
318	267
269	222
412	44
437	1
464	171
218	105
476	451
482	275
478	192
419	4
204	70
345	231
342	335
466	219
424	7
286	283
355	345
314	29
402	377
465	175
311	119
366	133
310	283
415	237
286	92
173	169
305	73
369	315
227	58
138	65
382	313
127	119
172	86
189	61
415	140
456	4
192	118
435	73
476	54
291	163
399	220
442	201
451	224
266	193
325	14
485	455
386	166
489	223
81	29
413	142
37	7
425	395
489	109
444	420
241	47
425	327
300	196
400	374
187	40
325	3
65	41
259	133
260	237
136	62
466	453
158	61
394	288
381	186
393	363
424	41
367	287
230	201
269	111
339	235
447	338
370	21
285	206
259	194
385	339
355	245
281	119
437	374
267	232
326	166
412	3
35	1
424	322
225	34
496	285
295	205
301	97
94	44
68	32
473	67
428	293
317	220
481	473
195	104
268	50
393	264
56	34
379	151
223	10
417	216
313	273
467	31
95	5
152	118
248	2
406	232
458	400
253	122
478	251
363	197
409	316
254	92
394	94
349	200
422	180
427	203
272	161
64	43
169	36
144	105
456	149
419	60
165	40
119	51
330	67
411	123
436	333
388	20
418	73
310	225
446	161
491	185
339	155
442	171
402	227
306	140
487	233
472	66
442	299
444	358
243	139
190	61
324	85
219	35
459	310
202	39
370	303
281	255
496	353
474	55
379	72
332	111
174	73
210	198
356	206
462	290
436	131
388	380
368	91
453	216
253	66
226	149
384	189
473	303
391	27
234	74
464	203
373	29
169	115
94	88
29	26
397	255
499	270
356	49
428	168
98	91
327	173
493	241
270	39
128	89
66	34
467	76
357	199
423	47
470	102
301	185
255	213
462	33
196	41
480	307
484	368
346	211
499	114
380	257
277	10
333	97
386	9
428	407
180	96
233	105
238	139
357	48
479	284
397	157
171	27
442	370
426	397
255	86
253	192
387	309
350	2
269	123
198	55
186	99
330	207
468	43
156	42
473	258
167	127
395	316
357	141
242	54
175	123
381	86
422	147
210	188
208	82
385	102
359	196
418	417
421	262
187	34
420	224
473	355
324	264
22	13
166	151
392	28
189	109
355	351
451	53
288	194
374	7
451	206
392	259
279	209
440	40
129	128
349	221
494	59
355	253
451	238
109	78
233	160
386	305
334	56
151	88
454	136
499	497
205	201
12	5
372	352
382	310
269	117
486	296
253	167
313	225
106	5
404	282
380	0
333	204
471	220
497	487
480	291
480	343
343	203
431	70
406	239
397	388
395	4
464	16
127	26
478	297
392	175
302	122
123	45
274	96
420	407
182	134
349	223
303	105
150	110
371	236
192	161
487	42
257	245
315	240
327	66
156	120
443	204
391	375
462	26
401	75
252	219
406	179
358	291
370	225
159	80
313	300
347	243
220	202
408	5
410	65
84	41
230	15
496	124
451	95
287	136
211	72
466	155
451	358
362	250
339	328
345	85
468	398
291	96
451	96
410	22
439	254
210	89
305	140
468	163
241	5
427	336
241	9
478	237
385	281
228	46
188	66
296	81
256	192
490	226
170	109
286	270
322	237
103	8
165	94
497	405
391	0
448	44
456	39
205	119
118	76
443	173
208	53
471	77
152	30
171	24
289	260
477	172
12	0
363	114
438	415
369	141
476	123
324	312
325	145
438	137
351	113
281	154
266	237
214	19
395	245
227	226
352	191
481	212
361	130
489	67
25	8
146	140
468	257
442	252
388	238
291	113
151	142
250	217
476	318
256	43
399	85
345	117
301	60
100	96
432	178
165	53
268	263
98	67
465	146
451	380
435	170
286	191
138	112
156	73
81	12
485	373
263	205
433	302
245	203
346	334
388	201
468	6
369	361
439	400
152	129
310	285
285	100
240	27
161	59
478	173
433	142
394	314
419	211
419	384
414	331
468	409
151	109
352	309
448	282
288	284
313	169
329	56
345	203
218	25
459	226
493	50
485	3
391	8
260	128
381	309
226	137
286	279
494	68
475	268
348	1
384	106
227	172
299	82
338	86
126	125
340	82
446	52
442	402
381	217
439	237
187	143
442	82
305	17
228	136
236	211
418	278
486	195
161	150
297	271
295	146
435	183
247	21
268	44
491	216
121	51
300	118
175	146
61	26
333	275
291	270
260	45
304	244
393	378
220	38
446	245
192	123
170	35
392	262
411	347
455	277
451	436
496	349
473	327
448	9
392	120
296	109
271	2
206	9
483	130
442	401
311	239
328	264
489	325
272	80
448	321
307	1
397	328
125	40
319	222
471	263
448	297
83	6
488	476
478	288
244	204
406	361
449	368
343	16
435	50
461	225
283	158
283	197
150	3
383	364
370	270
478	89
159	123
269	235
495	223
359	260
439	72
480	143
447	226
338	71
477	392
153	139
356	250
413	188
222	76
462	249
498	66
344	208
435	199
398	203
366	197
470	139
403	313
276	132
425	414
497	375
383	162
270	20
206	203
433	376
36	10
206	88
497	178
491	352
350	160
241	87
357	38
470	95
322	315
393	357
428	42
59	2
345	195
494	110
120	58
277	250
206	202
261	238
362	357
329	152
433	155
254	6
305	172
257	21
455	180
440	218
467	376
435	31
321	310
322	127
175	143
240	57
212	4
346	338
293	267
283	38
329	183
439	325
88	6
467	232
422	181
179	30
143	88
266	137
431	306
415	374
254	212
335	38
403	136
493	477
153	141
225	43
335	91
206	3
140	128
467	68
32	21
351	236
262	136
379	199
251	120
163	126
326	246
437	365
491	299
467	457
255	222
405	368
307	294
365	65
438	93
233	199
297	37
483	397
218	89
239	58
197	69
488	471
294	114
465	194
220	103
344	190
404	329
369	286
413	233
465	251
115	82
418	209
403	101
254	110
344	177
62	39
499	264
485	18
17	1
458	448
288	59
399	307
417	150
256	223
404	0
150	11
470	393
327	68
451	255
86	43
406	319
237	118
484	312
469	286
253	129
470	335
499	135
81	24
135	32
400	50
431	52
268	122
432	407
237	72
454	122
462	368
307	246
231	142
76	3
247	179
438	414
152	131
303	155
202	28
483	48
403	138
465	317
363	345
483	427
177	5
329	316
43	42
494	374
188	56
389	239
469	184
243	125
497	22
335	232
255	246
261	148
314	158
292	92
488	279
270	258
105	84
96	83
245	62
359	229
357	41
336	224
248	245
248	215
487	225
309	296
433	326
460	131
479	375
71	29
453	198
477	118
460	74
428	348
353	54
241	130
403	7
448	421
245	182
477	286
483	403
422	280
485	202
498	309
204	114
209	26
432	230
355	342
442	288
303	93
370	9
323	4
94	20
344	282
285	49
342	211
464	354
499	59
405	269
163	154
398	285
253	207
213	154
442	285
494	346
264	39
487	6
381	245
209	133
209	15
435	26
227	146
95	49
111	109
319	62
294	111
245	215
440	209
177	71
479	442
323	135
119	66
303	76
248	92
484	227
325	5
497	273
179	37
323	117
408	247
382	345
463	350
322	302
453	68
318	83
258	18
486	73
337	215
357	183
380	39
42	8
106	100
448	164
83	34
343	341
248	208
122	78
421	181
259	214
189	176
417	95
405	174
217	116
292	84
446	396
255	69
488	96
462	110
385	364
430	220
329	195
403	10
449	436
455	257
375	154
385	284
414	360
274	13
220	35
392	184
484	137
320	148
186	173
251	115
399	324
461	357
107	34
44	33
223	1
464	295
351	137
478	306
253	177
421	296
395	348
106	89
297	26
447	84
248	219
484	302
392	330
327	95
162	67
323	43
128	127
350	179
377	158
471	174
411	173
168	97
248	118
285	86
136	113
369	40
347	309
347	210
363	43
443	281
384	244
483	157
206	127
320	11
373	86
427	163
188	47
472	293
395	97
332	298
48	38
199	141
317	102
285	273
437	238
472	123
331	68
420	155
223	117
408	330
261	198
103	62
302	11
285	85
195	34
195	186
390	101
465	404
291	137
234	165
250	103
321	188
424	13
322	226
343	151
239	228
261	100
383	245
104	0
179	13
283	89
345	312
491	306
376	159
325	266
445	152
447	264
55	2
410	352
327	218
495	263
311	114
254	127
487	230
455	225
361	11
253	48
362	238
198	185
298	161
250	189
431	201
307	22
411	380
296	25
458	208
320	120
270	31
78	30
79	8
488	159
274	62
233	59
357	170
479	76
416	77
277	16
407	128
301	55
297	151
471	76
450	129
366	242
186	179
373	114
486	228
69	63
346	225
442	141
311	27
203	43
346	233
20	10
392	113
423	240
451	416
416	49
438	437
480	44
254	174
347	13
160	73
293	274
493	305
475	251
437	88
404	280
389	376
280	150
443	98
343	117
439	42
231	189
199	32
321	173
455	428
456	335
464	112
70	37
472	378
431	174
427	125
317	117
297	2
390	135
303	253
438	178
349	190
475	270
445	384
281	73
374	83
143	39
89	8
274	143
417	343
250	68
356	211
414	288
468	292
363	68
379	192
188	30
363	111
434	430
229	136
234	142
191	45
267	122
486	309
367	196
481	198
362	78
499	365
87	13
377	199
62	2
251	53
352	18
499	402
405	363
240	220
333	296
395	22
132	125
244	148
263	85
180	45
106	14
491	364
332	91
297	40
438	278
438	44
271	232
258	7
145	126
261	186
353	298
242	126
350	125
89	70
424	29
196	188
340	267
491	342
421	100
285	6
435	1
314	250
77	7
396	14
200	113
320	220
420	252
470	258
344	327
415	70
472	61
344	164
274	64
497	215
411	70
241	108
150	21
370	332
385	162
319	31
233	73
233	70
400	62
468	22
206	97
290	251
127	5
461	231
383	319
231	121
280	276
53	19
486	465
494	361
490	138
476	271
276	125
255	79
448	271
440	191
397	136
252	247
456	46
421	378
329	158
87	64
442	418
479	224
389	5
392	215
316	304
207	31
457	353
289	79
446	140
356	28
464	255
435	396
154	93
430	69
135	85
494	261
102	26
149	121
327	312
276	19
234	209
481	242
498	288
245	208
429	276
432	419
247	75
246	244
142	109
267	231
236	78
479	103
366	45
227	83
337	260
444	20
343	276
249	158
342	133
395	364
357	240
370	333
205	134
310	53
433	263
392	258
383	105
480	342
294	201
474	159
490	79
111	50
440	143
420	388
230	26
151	103
458	334
346	194
385	347
364	70
405	263
431	60
309	54
425	66
275	174
315	7
123	53
436	69
430	226
334	99
423	18
113	2
300	156
203	201
195	7
263	257
467	104
458	107
425	73
423	372
142	140
434	321
433	80
114	31
234	116
457	138
446	342
65	39
476	462
306	207
195	45
338	20
421	28
66	29
315	98
325	169
463	163
262	6
491	271
414	8
416	56
380	87
430	23
284	218
314	215
425	393
424	119
347	53
144	138
485	342
287	251
169	100
436	153
462	308
315	216
397	189
305	93
239	62
416	84
370	48
443	254
282	276
465	273
307	176
32	14
202	129
406	305
351	254
117	0
309	71
200	72
381	224
335	199
321	37
206	19
377	125
226	190
175	166
231	87
361	318
289	42
407	80
266	259
496	360
327	289
326	151
274	171
61	9
404	91
238	130
436	110
395	158
495	20
458	200
481	148
174	22
259	152
367	147
408	255
434	23
185	80
103	34
372	20
456	167
393	307
397	297
418	27
419	302
363	27
260	174
459	222
204	81
256	178
335	217
299	19
198	176
128	42
206	171
173	42
242	4
386	265
465	431
181	22
365	55
144	61
420	330
276	51
383	46
85	34
362	102
322	54
442	349
389	52
388	348
237	204
296	0
356	156
95	39
369	82
255	249
258	133
482	163
305	38
465	65
399	77
496	167
291	285
191	147
402	178
344	342
272	69
494	156
326	50
402	233
458	184
487	374
420	197
393	65
166	96
414	135
160	63
467	393
170	116
421	169
304	284
188	60
471	330
480	324
308	257
454	52
393	13
338	37
436	293
217	22
301	203
468	51
128	40
416	345
240	83
394	243
325	122
324	55
493	490
479	61
351	268
255	186
308	267
146	71
377	123
397	370
420	284
250	145
300	231
213	172
377	202
455	211
474	455
436	141
390	350
467	377
242	6
240	224
170	127
391	7
186	152
441	48
439	106
404	249
240	81
460	90
340	292
425	321
436	97
296	122
418	116
482	109
413	206
412	279
410	183
359	191
198	127
466	75
296	162
294	157
486	423
183	126
436	289
154	150
393	368
435	289
447	327
124	87
138	91
468	461
421	237
315	194
244	230
497	210
287	17
428	11
309	289
481	304
114	26
442	113
426	331
122	113
74	67
464	383
470	433
460	339
436	198
273	200
343	137
342	298
355	288
384	109
223	140
453	329
119	38
243	166
295	220
375	69
285	57
126	68
457	281
449	381
353	208
416	152
191	144
458	74
497	38
486	143
363	317
393	28
338	166
64	16
357	130
470	238
485	370
191	168
176	3
155	140
407	232
325	256
491	81
62	25
475	375
413	176
190	184
104	83
498	467
270	220
330	221
233	131
296	133
496	416
329	187
277	39
476	92
314	123
473	261
474	425
224	53
245	167
314	206
440	175
245	104
374	297
295	283
340	36
313	153
393	282
311	189
78	25
382	156
280	103
363	39
98	38
183	135
242	117
441	129
435	374
176	46
368	232
144	9
383	21
352	263
405	386
320	300
406	404
428	256
206	201
296	186
373	316
326	18
411	78
476	88
353	22
382	320
369	111
422	402
334	9
484	198
72	62
332	69
459	89
349	307
416	36
405	378
266	149
442	290
423	109
194	109
363	305
448	270
257	144
377	153
316	315
320	276
428	286
165	4
159	75
401	289
369	213
218	17
392	221
257	103
496	283
290	59
295	36
336	238
481	258
479	22
423	35
459	334
250	46
455	263
177	151
447	298
301	231
337	244
226	139
433	184
340	168
415	226
493	247
82	71
392	386
470	262
495	62
343	182
311	303
203	179
34	2
388	153
278	36
475	257
475	134
133	115
469	27
434	393
281	124
408	104
440	251
406	366
402	48
194	38
452	266
375	163
465	299
74	42
421	178
340	5
454	138
437	301
248	218
399	124
262	148
227	222
100	43
410	77
430	189
369	307
327	98
245	89
306	34
199	20
222	97
267	253
429	293
224	20
490	244
437	54
320	176
193	48
219	169
346	199
475	276
339	227
381	328
380	94
362	236
288	276
131	65
408	284
225	107
289	238
349	108
439	129
300	130
477	100
329	244
40	6
426	391
236	77
266	184
168	24
307	157
230	96
387	122
499	408
318	180
359	309
464	266
223	146
305	67
337	332
223	8
483	278
158	22
438	109
382	198
457	263
275	110
443	362
440	66
347	172
369	80
285	275
131	26
366	220
198	66
434	313
404	367
378	100
470	90
336	12
445	32
454	239
305	53
428	112
393	178
420	283
117	74
384	194
404	208
427	34
268	40
187	107
436	292
144	137
272	88
457	316
447	89
466	72
481	264
368	70
402	146
409	291
345	219
488	338
239	133
450	430
425	122
185	82
341	194
303	217
255	64
498	355
396	240
354	185
241	89
363	60
376	12
87	16
239	120
265	39
469	114
271	105
392	351
379	64
489	330
301	279
419	325
375	162
496	303
222	51
453	244
207	113
252	118
424	248
391	381
330	229
175	110
137	125
363	255
351	47
390	200
327	36
131	83
373	167
462	448
215	2
296	14
120	35
199	123
171	94
308	58
146	20
223	34
215	100
490	176
446	410
349	286
453	30
394	49
382	154
347	62
165	110
211	83
384	314
488	163
373	127
408	161
209	47
461	300
162	100
69	33
227	51
274	44
308	192
323	263
138	8
56	38
395	355
315	244
143	108
147	20
249	155
473	407
392	315
253	180
345	87
213	127
462	346
487	271
417	192
205	129
448	278
431	189
293	39
164	97
223	27
87	35
417	391
212	203
114	60
450	293
65	34
303	154
455	54
423	203
290	29
257	162
274	174
417	180
336	111
468	190
440	116
479	142
187	38
341	299
373	199
309	91
204	34
473	310
229	197
285	186
424	347
468	364
359	82
473	153
408	62
346	281
483	32
486	27
202	43
377	151
272	209
456	324
475	215
388	387
73	13
259	26
340	25
231	174
214	127
488	31
150	53
495	250
275	112
424	415
276	34
459	15
309	233
413	403
378	177
227	91
134	84
229	214
93	71
472	273
463	330
419	203
351	279
491	296
455	272
416	190
272	177
481	460
411	237
114	17
238	212
255	81
478	252
294	220
373	181
494	105
456	18
274	173
344	237
262	191
150	117
279	179
448	42
246	3
75	32
112	0
489	320
460	186
364	93
441	173
224	46
459	351
170	142
472	12
249	135
355	181
498	332
403	243
166	45
387	178
247	137
265	15
377	311
390	153
340	8
93	56
439	223
255	164
360	248
381	39
411	139
351	25
470	164
444	115
254	10
392	274
348	20
69	21
159	89
192	92
274	258
357	317
66	54
488	14
351	231
464	200
480	297
499	197
242	128
406	146
376	233
300	46
177	144
136	103
453	185
465	105
139	79
232	215
426	187
483	266
316	7
451	16
341	116
460	36
250	63
60	20
417	248
199	23
126	37
242	56
447	249
409	379
421	226
379	172
456	313
174	173
423	388
306	172
412	380
316	129
411	318
494	35
439	68
289	98
207	140
477	83
373	14
324	208
233	80
139	100
55	15
373	249
480	468
430	40
266	62
261	29
214	196
469	248
241	146
42	4
345	121
467	250
222	62
171	96
184	39
116	88
468	351
408	352
363	226
402	57
308	231
238	76
418	268
481	257
404	34
282	150
275	265
414	259
349	339
91	46
144	115
412	266
99	31
355	320
493	133
489	18
360	337
497	65
352	84
231	177
475	85
468	44
242	83
196	81
412	228
221	34
401	45
456	300
373	253
282	87
168	40
205	179
452	364
220	218
183	77
243	88
311	146
481	185
453	227
393	29
397	242
291	45
367	36
56	7
339	88
389	183
359	319
304	51
386	323
467	109
264	234
286	214
362	312
434	139
321	235
419	353
237	26
494	454
380	262
155	138
401	174
332	65
355	68
260	111
184	8
440	303
388	319
33	13
494	233
181	166
389	282
399	145
262	131
215	4
336	106
359	98
463	405
325	99
408	251
400	289
480	246
360	71
485	417
369	139
82	18
326	165
425	5
455	380
279	12
494	341
316	114
331	281
229	24
107	85
247	192
471	465
361	203
304	195
371	210
236	97
310	267
388	347
105	100
201	140
424	9
460	435
216	23
242	91
260	142
491	24
278	69
305	175
258	61
433	162
9	0
479	474
316	110
264	32
291	8
375	335
435	276
263	175
43	5
134	128
244	217
102	6
299	285
331	326
446	298
250	150
382	121
472	309
490	130
400	306
467	179
281	212
314	43
204	72
433	207
291	166
345	205
455	237
10	3
348	338
240	73
418	150
286	161
471	201
240	185
439	151
459	105
216	59
491	103
403	298
126	65
117	86
367	246
430	160
439	257
421	116
365	319
481	31
89	81
395	181
256	145
311	24
163	149
159	35
274	273
307	130
145	14
483	101
141	93
486	398
183	81
278	126
202	91
492	216
200	94
297	211
349	26
340	334
276	115
385	374
449	114
466	50
428	27
422	327
285	246
200	10
386	257
284	111
385	133
426	332
404	225
53	40
424	8
304	210
355	125
185	165
438	397
205	132
159	155
72	60
385	304
478	124
379	304
487	78
104	58
391	285
489	178
440	257
90	63
476	245
312	78
488	409
445	389
299	246
434	282
271	131
485	341
115	109
426	369
404	350
433	389
466	254
403	172
311	35
217	113
478	375
329	107
377	120
394	89
176	35
333	278
474	396
347	284
445	435
410	158
201	18
137	113
353	5
243	128
297	292
338	144
57	29
488	214
485	92
158	10
304	143
331	73
109	49
380	294
440	344
386	39
485	215
447	168
431	250
360	38
418	50
474	102
442	27
313	19
207	158
175	82
291	87
144	131
403	337
396	235
363	93
441	82
466	109
432	331
299	44
481	165
65	52
168	146
286	164
413	329
261	118
318	281
493	126
360	272
89	53
486	341
288	244
249	72
369	208
271	20
83	72
292	71
445	60
496	328
399	323
456	298
298	240
383	193
228	182
445	132
398	171
452	298
205	155
286	140
120	75
267	108
491	114
486	164
308	152
332	3
325	166
476	165
212	67
227	118
397	29
347	3
347	152
366	310
371	100
109	20
435	332
426	17
499	460
333	276
72	25
327	117
440	309
399	94
187	76
475	241
314	3
495	224
209	151
20	19
300	9
416	28
440	194
463	21
499	35
263	260
154	31
291	171
351	15
383	262
367	139
321	155
405	404
451	146
391	99
236	82
411	363
256	240
383	224
259	212
374	159
383	365
115	35
301	138
420	305
359	147
397	263
467	120
377	141
472	420
433	370
281	49
308	273
382	180
261	217
485	236
343	311
388	84
304	295
290	118
374	230
457	255
490	209
342	166
470	357
349	331
450	357
177	159
260	61
339	25
145	58
365	222
280	2
473	185
293	219
405	29
142	2
476	175
453	87
305	116
239	181
58	53
390	224
451	277
332	218
100	23
400	125
462	260
476	110
496	334
498	94
163	140
266	251
422	296
367	64
331	186
383	290
394	384
364	230
449	276
204	94
267	36
369	317
444	324
431	4
299	25
313	34
358	7
144	65
441	385
426	8
338	235
492	111
364	312
489	68
382	246
191	76
234	97
431	59
409	216
451	63
106	91
431	63
491	235
204	149
83	4
320	161
494	336
306	65
157	137
429	398
478	134
221	220
213	163
394	31
362	110
437	114
353	47
315	279
491	221
379	117
283	196
225	168
303	106
71	69
351	250
315	201
295	6
286	60
345	148
243	12
324	316
352	279
431	85
381	127
171	115
340	139
430	293
272	37
499	494
347	249
172	122
242	196
332	285
311	9
342	68
368	159
288	102
217	169
269	68
444	16
457	419
376	109
64	8
238	123
392	74
298	296
354	228
468	64
184	114
274	107
247	11
182	49
149	128
355	9
379	230
475	29
352	151
255	208
498	279
448	93
371	273
426	206
485	212
319	100
393	275
142	138
218	151
407	263
312	27
196	85
369	237
359	265
207	198
346	238
462	424
434	118
149	51
69	39
144	24
441	401
316	252
282	191
319	172
320	69
221	213
364	289
328	251
378	90
391	229
401	374
248	64
207	116
437	215
323	204
266	235
246	97
362	335
248	181
352	96
308	24
230	71
337	320
472	215
303	22
497	255
125	116
204	141
308	242
336	302
324	140
391	191
59	13
81	74
336	122
259	236
436	250
479	36
319	273
80	11
292	135
199	160
425	132
282	264
367	221
335	173
94	46
438	292
173	139
242	123
84	28
376	135
211	103
253	14
476	179
133	47
158	4
347	80
376	226
478	65
374	223
278	74
262	19
369	348
274	194
417	196
262	76
412	400
213	137
272	232
441	231
442	45
149	43
377	144
433	6
352	242
387	109
460	415
143	32
402	23
335	272
368	153
468	139
333	94
384	206
127	34
440	314
133	13
322	295
405	235
254	129
312	145
262	218
464	42
400	57
262	261
395	83
390	199
341	313
275	64
203	104
247	218
275	37
299	193
461	380
446	318
478	174
312	237
317	279
423	76
392	220
427	398
364	321
254	76
113	82
317	45
347	192
409	218
377	97
440	338
325	262
309	232
284	15
374	175
430	39
477	259
390	307
422	10
48	21
487	431
490	82
69	16
239	70
486	199
336	266
291	11
472	102
154	68
302	159
462	38
273	176
441	409
269	210
264	144
253	21
489	88
464	72
266	180
358	201
327	52
314	289
418	51
289	234
447	36
114	106
175	75
462	319
388	296
243	129
320	43
471	332
489	183
438	115
462	254
356	203
388	179
449	36
489	297
420	328
365	200
95	4
495	494
445	336
474	417
143	82
334	96
287	13
304	188
321	262
145	78
399	13
213	56
248	151
388	139
420	400
485	50
98	56
361	153
253	213
454	209
397	262
404	270
485	132
254	13
225	108
346	145
366	116
455	47
352	148
488	11
263	192
325	47
408	402
304	214
329	92
387	141
304	223
250	43
19	9
453	46
421	365
499	275
284	175
297	216
371	107
219	18
498	284
488	220
298	239
150	75
251	187
496	332
109	91
467	246
224	61
201	20
238	29
340	50
36	18
341	35
292	102
368	171
290	162
218	46
430	407
256	126
354	95
135	96
472	200
364	106
253	113
358	312
457	133
371	337
386	189
420	87
341	177
187	135
129	4
166	64
476	437
424	154
481	5
406	371
458	296
285	0
445	399
356	228
318	139
477	137
477	171
323	276
315	34
387	151
134	98
297	141
185	120
130	29
273	62
467	244
459	279
485	64
451	240
407	343
496	237
140	61
396	303
352	122
365	12
437	80
237	107
492	439
321	124
430	221
107	33
395	106
470	42
380	376
397	39
330	324
402	294
345	37
364	335
493	131
364	61
444	372
439	429
424	423
388	314
333	122
471	29
101	20
212	148
349	155
487	188
322	273
401	132
262	60
455	147
274	49
479	285
324	215
320	183
168	123
245	111
375	316
477	116
354	268
478	276
255	88
469	304
361	57
279	193
322	88
452	150
401	333
340	166
360	4
455	118
400	382
425	177
271	92
271	75
405	322
331	159
199	63
42	18
285	98
220	151
391	26
179	34
384	208
185	3
456	268
487	278
387	54
298	163
485	297
148	66
126	88
216	82
348	61
365	74
309	62
178	20
432	199
475	407
354	210
255	152
477	341
402	183
380	137
419	310
203	175
165	147
473	90
93	45
311	286
172	165
201	119
336	318
321	87
403	204
260	93
453	137
341	335
319	78
415	106
182	93
288	140
312	305
333	114
440	357
395	141
493	335
279	218
234	83
408	156
396	328
398	310
304	192
399	294
186	116
215	39
469	189
449	48
367	236
361	288
140	86
208	101
461	168
469	379
221	73
398	7
310	41
145	123
468	62
466	248
123	117
21	13
131	30
240	214
469	2
28	10
361	110
190	177
470	123
430	310
85	21
91	17
447	125
442	8
303	8
269	204
300	287
247	121
494	400
392	27
370	78
225	208
449	430
234	65
413	304
296	275
198	20
432	349
441	134
232	3
263	105
328	219
363	294
465	27
399	57
279	256
434	301
442	64
425	236
110	31
66	2
349	284
427	229
44	17
275	248
348	46
236	192
66	23
406	358
266	195
452	265
295	2
268	10
470	1
412	158
363	225
382	35
210	150
117	108
324	179
174	50
279	156
399	215
242	61
253	83
116	44
409	155
227	49
380	48
184	42
450	164
311	295
112	105
210	38
475	372
101	78
205	200
210	8
337	115
333	262
449	77
481	392
135	61
264	232
189	121
414	353
351	274
391	97
320	293
384	77
454	48
332	307
445	246
270	132
406	185
499	134
415	56
68	52
354	35
369	69
432	418
343	145
205	191
108	36
465	14
118	16
405	401
301	52
337	2
239	178
489	56
347	258
471	178
350	98
451	309
160	70
250	38
199	47
487	452
385	184
130	129
423	309
428	119
271	23
216	30
371	125
79	69
120	6
390	186
379	232
74	54
223	3
389	186
452	275
164	66
467	455
488	318
471	393
237	168
419	136
156	88
352	177
476	329
385	75
227	46
293	76
404	51
481	393
216	63
426	373
305	122
331	240
342	284
472	253
322	250
430	355
260	87
418	257
438	82
437	222
352	289
374	166
434	73
436	306
356	75
364	191
407	86
112	95
348	327
214	181
197	157
426	128
469	74
244	163
366	105
382	139
253	146
352	185
361	4
305	90
258	113
364	120
382	69
386	379
226	75
163	17
293	100
225	78
131	120
476	280
374	109
411	355
139	8
457	345
490	134
490	216
228	176
344	97
166	82
400	33
219	200
493	396
275	196
253	148
119	98
267	168
121	10
326	239
313	137
290	195
417	50
493	65
444	432
497	395
86	72
469	429
131	118
474	345
104	47
420	107
243	176
313	271
81	42
329	135
137	18
399	258
247	2
204	50
388	311
294	210
327	244
82	19
334	333
311	270
346	166
424	350
143	30
410	110
339	95
317	160
420	198
457	267
361	353
494	65
242	152
494	280
389	294
407	274
393	226
431	145
356	95
388	330
420	255
290	226
317	26
473	167
387	367
492	410
279	168
266	118
377	177
211	119
295	291
494	420
265	64
209	91
418	344
220	219
346	138
444	251
233	67
427	98
317	255
91	5
484	342
329	181
443	161
339	175
409	394
476	312
275	7
367	205
260	57
421	414
420	417
360	199
337	299
294	165
41	25
93	51
495	54
420	40
473	256
289	270
271	183
411	256
450	67
81	0
327	325
195	187
477	222
344	30
374	38
393	232
432	206
332	16
256	222
326	125
402	280
367	117
454	422
295	104
255	160
415	67
456	76
345	126
471	164
465	1
469	190
348	221
358	70
434	360
429	79
197	44
423	175
49	12
233	106
487	325
271	107
119	100
203	65
313	207
229	164
438	187
472	180
477	270
410	74
304	122
495	237
459	3
441	432
46	3
179	168
123	71
497	0
455	39
278	55
293	123
396	252
102	76
460	77
115	65
492	98
483	86
423	149
496	182
420	83
427	310
214	77
385	20
134	83
355	255
348	333
356	337
286	217
485	440
50	44
499	473
456	308
184	92
360	167
207	0
434	345
306	74
443	198
199	35
329	85
439	125
467	382
180	61
265	73
254	163
363	167
435	80
412	23
59	37
231	217
214	184
313	172
422	401
151	5
461	281
339	213
316	90
140	6
262	16
98	84
412	97
456	316
464	60
311	277
249	102
318	184
183	39
358	67
415	225
237	207
117	109
187	144
485	358
367	119
488	79
276	79
364	348
413	5
210	84
203	48
399	107
379	65
468	15
416	313
466	379
178	93
192	182
233	104
472	52
88	52
112	23
145	115
325	218
493	438
360	129
378	29
240	206
336	241
471	206
415	65
194	170
284	172
491	92
361	260
468	126
494	248
292	210
408	298
32	25
466	65
376	171
258	27
400	310
434	174
417	404
459	191
455	335
472	399
170	39
280	168
156	62
356	12
464	389
461	269
478	437
73	19
207	179
293	192
327	128
243	147
163	58
479	109
335	172
223	148
184	126
230	145
493	83
440	196
449	415
291	205
400	232
267	2
478	60
396	386
420	356
133	38
299	127
476	342
316	106
162	107
452	160
226	92
454	295
355	322
433	109
489	469
450	389
430	255
494	71
475	402
434	165
388	58
450	170
357	151
231	144
404	49
434	332
470	55
412	82
340	256
402	72
210	130
134	133
292	66
493	170
283	278
474	116
54	28
165	81
436	11
486	411
45	9
377	356
271	266
475	105
201	32
301	172
341	65
435	123
398	274
49	41
315	275
471	54
320	19
307	23
333	308
422	53
484	396
351	187
404	339
423	338
411	195
395	388
387	20
490	192
98	86
450	119
341	0
428	99
377	203
316	293
235	157
274	0
369	223
435	181
488	42
234	166
418	165
138	128
180	52
350	101
326	174
271	210
474	162
188	119
306	162
101	50
333	279
338	92
415	413
442	386
407	11
288	216
461	303
352	121
414	329
470	166
469	272
331	123
145	37
181	92
490	69
352	94
178	148
259	177
421	306
410	242
443	39
109	72
418	378
311	93
272	135
208	49
313	270
195	16
447	82
105	14
481	325
373	104
377	213
440	68
191	134
496	297
208	15
471	162
484	468
241	186
278	88
416	361
370	301
139	96
143	118
460	381
457	223
375	201
243	136
200	7
179	128
305	12
333	182
491	27
90	68
441	190
358	233
200	18
214	160
441	57
302	87
468	425
455	95
307	87
359	299
470	169
361	135
447	376
117	27
292	274
199	90
434	390
368	187
484	446
387	349
474	453
257	171
440	228
412	244
404	199
259	18
223	200
404	353
343	229
252	35
116	87
331	218
251	241
26	11
464	23
483	380
486	185
485	189
288	167
397	339
255	97
331	67
388	1
329	307
310	166
408	253
368	299
469	267
448	70
334	115
115	105
243	224
391	85
458	27
422	41
470	246
333	246
389	201
388	45
460	22
243	115
234	162
400	79
269	139
245	14
299	118
183	74
441	400
378	154
170	25
491	310
423	311
490	33
449	154
434	259
307	188
244	76
362	83
92	71
411	168
360	52
440	259
189	10
291	77
415	211
467	357
139	53
306	17
413	117
106	66
299	134
487	362
236	64
137	58
90	9
427	193
107	21
468	267
274	61
98	44
176	88
211	169
445	264
371	137
305	8
430	297
181	135
497	397
109	98
317	74
174	54
439	274
104	71
319	225
141	17
423	373
403	390
366	300
371	110
95	78
380	267
446	289
210	133
461	456
380	189
261	91
115	17
165	141
428	158
418	197
397	221
466	324
347	280
260	23
261	68
232	90
403	380
261	99
161	93
471	189
182	64
419	42
380	281
282	205
323	192
233	227
345	166
274	36
448	441
272	98
471	101
358	33
158	91
199	190
98	32
410	279
306	82
377	362
369	105
377	117
389	167
394	215
209	68
420	18
468	414
87	65
96	23
126	5
123	109
67	15
200	176
148	60
299	277
234	17
489	345
336	172
490	260
399	159
429	176
404	210
248	82
185	167
233	111
411	235
411	90
396	16
494	131
484	466
421	170
387	209
224	185
414	121
153	80
429	91
212	170
427	105
450	256
397	205
482	182
442	66
468	255
163	112
438	131
437	288
328	117
279	69
56	35
429	273
277	106
429	2
297	192
150	96
204	120
495	489
242	239
484	69
349	249
496	49
353	155
400	138
485	113
370	147
393	163
214	206
337	268
185	158
191	154
334	307
385	344
468	403
124	31
212	206
330	310
421	338
491	386
434	210
331	276
372	288
409	244
185	125
172	76
418	162
482	403
439	351
443	285
435	61
401	57
472	94
361	286
362	239
267	217
479	68
296	121
384	354
285	228
440	227
365	262
428	83
345	287
454	335
412	229
401	283
182	145
420	357
321	28
455	220
64	6
424	284
330	203
157	112
238	21
385	208
308	1
256	114
27	11
118	58
332	127
125	98
337	99
320	89
347	267
330	125
243	60
410	300
469	398
269	82
349	41
180	26
471	193
134	107
216	183
209	163
157	92
358	55
462	162
427	346
380	277
473	291
336	124
402	116
326	226
471	133
421	22
445	362
433	163
122	55
421	208
466	463
429	139
128	18
267	99
225	123
337	40
476	295
442	325
358	178
416	70
407	53
300	40
372	71
368	59
306	276
231	32
380	179
367	142
347	21
163	3
281	241
408	94
118	70
274	6
187	41
377	31
302	103
279	268
340	229
401	261
204	121
455	255
392	44
393	170
75	30
278	219
405	105
431	359
121	58
426	347
167	80
261	138
212	70
294	227
49	24
438	153
315	253
329	299
164	112
340	35
438	275
396	43
474	327
494	283
390	110
480	323
222	201
475	340
170	42
256	108
263	229
480	103
487	349
359	168
470	52
496	164
446	23
451	413
461	3
444	11
343	95
447	17
326	10
475	391
198	107
256	172
434	373
250	106
349	337
183	151
457	355
299	222
189	154
402	217
227	27
488	452
360	128
266	249
281	115
492	327
439	378
112	58
177	129
332	12
454	400
483	185
409	288
186	174
341	36
491	349
150	70
406	273
248	189
371	322
172	168
319	75
105	3
385	166
352	259
351	305
488	345
428	318
333	250
363	284
292	107
403	134
458	444
87	17
452	41
373	166
295	50
467	117
491	479
241	230
466	269
360	36
118	34
290	54
243	17
185	161
297	55
220	132
473	282
465	354
145	21
227	34
408	97
282	113
493	80
440	272
359	236
174	117
270	235
254	100
457	175
333	120
211	187
300	15
97	12
428	236
488	361
359	235
489	316
438	161
363	83
422	336
330	86
340	315
491	421
302	107
446	191
213	100
443	295
432	145
489	292
108	58
317	247
458	338
376	108
356	276
190	175
262	55
329	155
435	410
474	220
470	469
258	70
279	11
280	173
472	263
319	96
278	15
480	218
429	250
249	233
230	219
386	375
365	172
401	340
37	35
326	302
400	8
407	107
466	87
276	144
165	161
238	49
221	150
207	81
361	148
360	239
443	72
488	379
354	65
354	294
451	281
379	269
264	45
450	142
468	38
496	385
417	29
142	85
200	179
262	258
447	143
388	207
308	168
117	10
155	66
496	249
466	199
462	103
218	50
366	255
464	95
104	2
494	441
321	319
317	123
382	112
302	169
390	386
247	176
198	69
391	351
374	155
426	46
218	136
379	81
252	93
246	18
360	194
300	64
431	138
183	93
306	94
335	17
463	36
107	44
289	94
223	156
242	215
455	164
65	27
420	292
198	34
423	8
458	389
357	143
249	219
252	72
379	268
230	125
465	287
391	316
411	103
450	219
367	148
143	60
333	317
365	277
424	396
132	71
297	86
389	232
263	27
202	69
120	16
497	350
149	95
403	259
471	142
231	169
267	3
332	242
417	143
94	66
333	36
395	100
134	126
439	210
231	78
149	64
484	75
372	102
332	223
211	193
452	377
238	99
455	184
376	361
482	451
164	150
185	103
215	64
143	16
490	296
434	44
417	79
458	432
67	24
381	283
495	203
325	111
256	134
383	192
75	25
227	109
460	68
476	418
483	204
25	4
451	101
325	69
363	307
477	401
149	135
452	124
327	201
355	244
369	145
402	151
442	247
252	134
139	137
462	395
473	293
452	156
425	399
493	464
451	191
166	157
131	46
470	260
396	178
357	111
437	9
346	117
187	130
409	19
462	349
308	193
300	235
456	187
433	401
394	34
480	75
448	242
321	170
479	101
486	485
282	178
477	280
252	221
317	199
294	134
441	238
204	115
345	260
52	26
168	142
435	315
332	4
414	6
320	216
466	327
439	343
470	237
402	107
478	193
488	158
320	167
191	15
282	9
179	0
210	72
497	190
442	104
408	357
444	411
433	236
241	216
262	248
331	51
113	14
89	88
457	382
327	146
288	64
477	318
396	391
161	58
438	146
355	329
266	154
441	177
488	174
443	435
213	113
235	20
324	174
308	4
158	13
257	241
413	279
323	116
306	69
363	126
340	79
265	79
499	202
218	131
344	57
80	23
293	125
216	60
303	31
276	275
120	55
459	389
340	250
483	259
397	23
227	39
464	379
357	315
304	186
422	251
479	392
102	99
331	201
434	26
459	225
206	184
295	60
141	79
395	276
103	99
347	116
418	127
200	124
430	163
249	203
494	418
207	134
462	425
233	21
205	24
467	147
488	66
440	335
452	361
386	364
299	241
399	88
470	368
434	324
369	109
351	60
205	162
305	283
324	68
441	434
230	180
360	32
248	114
255	112
388	31
402	313
356	44
493	17
427	23
81	2
414	142
242	218
441	373
329	193
109	57
320	297
359	180
435	355
287	164
404	3
314	104
150	82
390	287
494	125
293	135
260	129
497	96
168	36
342	266
277	40
437	265
284	248
361	331
421	392
246	242
428	90
344	86
413	266
331	84
485	423
414	108
286	285
410	71
401	113
460	73
286	122
476	272
235	107
419	410
288	230
119	64
313	16
488	455
437	340
192	146
171	163
406	84
310	190
37	15
372	53
339	56
401	392
260	110
417	41
430	233
232	103
214	63
406	31
380	306
281	157
422	196
379	62
271	138
293	139
218	2
413	225
109	81
493	328
484	391
222	145
216	213
279	152
473	189
370	282
59	52
191	130
400	282
450	151
470	2
364	101
490	431
453	174
71	42
242	112
429	30
488	482
494	455
459	132
397	9
273	148
368	333
180	114
427	218
429	312
355	287
139	15
423	329
451	235
213	121
469	39
244	168
363	20
289	233
92	90
214	124
265	157
492	279
246	224
80	38
414	152
315	306
346	223
452	440
400	337
496	357
361	129
440	185
313	138
196	143
436	31
447	373
380	175
86	2
293	252
311	184
492	235
248	23
213	173
154	59
192	24
492	137
31	6
329	308
307	45
188	23
493	258
406	157
225	186
497	159
489	418
431	395
410	114
420	340
446	176
289	185
357	12
453	278
101	26
328	242
437	223
488	114
417	263
369	325
53	25
327	73
365	40
357	262
265	142
362	230
480	426
383	95
346	320
487	32
292	144
247	242
171	166
407	98
387	68
262	36
463	86
471	457
244	141
432	243
344	285
409	165
421	145
334	18
456	70
402	56
279	108
277	233
485	162
430	14
452	204
445	304
50	31
410	274
493	197
433	112
293	11
354	350
414	137
370	0
352	66
499	444
164	86
467	148
364	11
214	30
77	43
177	49
459	218
351	235
129	51
445	218
192	110
447	285
450	358
247	203
396	78
261	160
366	285
321	106
297	266
343	317
463	143
409	145
304	38
457	10
493	167
437	44
294	164
219	187
212	49
271	216
390	293
483	353
433	222
285	12
138	87
413	257
485	385
265	6
333	48
389	211
390	385
353	290
235	146
381	209
421	374
285	37
165	116
429	322
365	91
191	0
352	71
266	201
190	71
304	126
215	15
384	341
429	275
108	12
433	313
468	231
100	97
283	234
350	31
40	28
217	175
232	194
436	66
449	432
330	226
385	70
384	73
473	255
210	23
233	214
322	205
492	244
476	25
422	87
498	387
372	244
224	164
256	85
341	333
420	311
483	220
446	148
109	36
446	383
476	300
348	207
263	200
228	226
237	153
218	179
171	140
471	285
338	36
418	335
463	239
338	154
343	136
143	56
372	170
274	152
114	47
469	111
333	301
217	30
258	172
315	171
404	387
251	114
440	273
498	345
460	107
448	80
440	234
441	100
244	207
169	128
192	85
485	451
301	41
364	188
152	146
366	232
339	333
277	107
416	223
324	278
476	291
186	157
34	3
434	128
169	85
373	119
426	75
230	138
484	380
359	285
310	245
484	354
311	220
409	287
433	419
456	215
310	216
198	136
498	411
441	302
278	265
279	144
485	242
340	201
184	85
135	84
392	189
466	14
173	9
415	215
418	141
143	38
384	199
397	330
451	192
280	151
52	44
250	247
320	187
479	99
202	110
469	221
362	12
442	396
323	58
463	2
391	225
402	211
446	149
202	2
249	206
261	220
444	323
289	192
223	176
479	383
404	29
51	3
136	13
487	410
483	150
402	203
305	262
372	273
323	196
372	222
361	244
361	59
468	281
372	27
58	6
199	119
147	47
102	92
94	10
319	149
328	244
239	196
123	42
143	103
347	36
301	157
381	71
326	90
472	60
370	120
383	9
419	385
220	137
285	118
455	246
285	237
294	194
299	64
461	207
401	314
325	100
404	206
333	54
365	85
339	272
472	440
468	445
300	223
463	246
327	283
398	317
398	131
349	59
365	35
242	127
35	15
170	156
337	222
282	124
434	112
441	135
395	368
471	294
401	356
330	18
204	192
406	88
408	89
499	120
97	30
454	24
150	118
337	295
465	80
316	232
329	297
274	35
397	71
116	39
89	68
327	50
257	116
491	403
168	38
39	15
255	145
222	22
467	180
259	6
423	234
416	304
93	18
492	414
231	126
255	168
191	75
123	89
401	331
459	16
395	294
420	26
493	30
430	183
468	207
485	126
293	230
332	267
485	152
317	179
183	45
372	356
370	268
415	112
281	131
471	348
444	181
438	212
337	247
254	30
376	101
280	8
355	266
151	95
423	363
363	218
239	132
178	121
332	240
359	28
469	352
268	238
233	141
293	114
450	0
248	171
422	74
396	293
217	181
438	169
83	59
200	149
333	166
218	120
400	395
316	194
238	35
295	16
482	149
266	198
242	165
412	364
348	7
142	94
418	298
391	22
346	343
228	163
342	21
223	126
493	474
344	318
391	78
204	146
445	149
144	19
449	244
440	404
305	100
313	119
276	142
485	403
358	228
419	21
320	131
395	57
458	293
168	149
354	78
442	298
158	122
414	386
112	41
422	261
464	209
245	190
179	112
356	268
275	229
428	391
309	183
422	329
487	282
343	297
206	118
437	204
374	348
108	101
470	178
470	87
465	45
133	100
39	24
140	0
378	110
134	111
295	131
254	35
404	19
385	223
313	126
442	150
249	70
315	103
289	126
409	355
206	40
429	216
184	108
478	421
295	115
468	128
406	118
498	444
343	282
467	50
346	82
444	271
320	275
485	473
369	164
439	392
248	87
50	21
407	276
113	78
136	34
388	195
107	57
388	294
479	447
203	117
136	106
288	261
252	126
200	23
110	79
210	132
369	239
368	64
489	217
233	39
210	66
374	58
145	17
487	148
480	33
429	337
401	369
451	290
237	203
318	203
473	94
330	11
396	265
387	318
180	34
484	188
430	257
263	213
352	292
366	86
363	117
56	37
356	232
485	475
217	25
479	370
451	26
397	187
482	204
345	120
310	18
441	13
441	291
319	1
371	183
270	134
213	3
259	34
453	167
395	327
315	133
433	338
275	201
207	163
264	210
200	45
237	71
498	322
343	323
360	255
262	8
388	197
179	64
387	360
353	151
390	241
454	387
305	44
460	237
425	174
226	106
430	136
379	328
433	332
321	268
185	128
408	49
423	290
324	187
438	19
373	190
242	197
214	64
479	216
319	110
290	0
468	214
436	28
279	68
130	115
204	127
247	89
345	288
451	306
325	224
340	17
361	8
436	297
413	372
162	95
366	115
253	169
255	95
431	108
453	33
298	167
248	89
255	197
218	98
276	189
470	444
232	217
460	75
432	149
86	71
344	138
174	113
294	65
366	265
60	41
289	225
472	394
446	427
353	211
229	131
303	101
390	198
389	119
417	314
251	39
463	281
436	181
274	144
486	378
459	130
419	331
301	280
448	265
280	203
230	148
346	221
411	102
327	247
253	96
497	132
467	340
299	63
202	168
432	315
169	126
77	34
460	429
282	180
138	40
234	167
315	32
400	386
396	216
413	385
371	178
389	56
258	11
326	88
216	175
277	200
189	19
479	436
288	277
368	247
480	119
451	42
470	184
354	233
327	14
176	47
466	26
297	294
321	230
148	92
414	374
441	319
477	215
430	106
460	297
129	24
247	135
48	6
139	98
372	60
459	350
129	49
197	80
483	286
423	0
259	38
491	9
345	125
377	154
361	81
435	151
150	77
448	255
321	147
411	321
445	347
298	233
408	91
162	139
149	116
397	147
254	99
325	263
463	85
484	229
308	90
420	28
101	73
229	45
335	83
470	14
289	138
283	82
262	42
243	134
491	277
423	37
460	395
419	101
379	176
239	233
270	183
469	337
432	112
190	123
275	159
147	92
216	36
307	82
461	83
202	138
305	238
307	110
303	26
357	337
287	138
418	223
475	318
301	69
456	81
475	295
427	148
373	91
324	253
423	106
301	99
420	63
366	191
470	98
409	131
445	204
307	291
186	160
418	59
151	42
459	19
278	151
397	124
106	46
168	116
402	390
211	189
71	12
289	63
488	144
230	188
305	91
388	92
328	204
380	59
275	130
485	322
470	330
313	230
256	41
216	215
300	262
308	71
114	41
432	366
423	188
345	182
415	250
317	316
489	48
418	92
385	123
358	145
352	39
240	228
441	32
354	347
129	93
484	59
456	148
131	116
70	57
256	214
456	439
264	245
419	312
425	105
413	180
309	57
418	8
393	199
233	34
109	92
294	69
478	378
176	133
343	218
485	433
426	425
389	359
82	16
358	61
273	20
134	38
331	46
424	327
449	67
53	35
220	33
431	114
321	238
373	125
116	75
164	49
92	8
187	1
385	126
103	11
434	428
363	28
460	277
121	26
299	249
425	337
291	136
370	244
133	34
234	3
460	114
496	487
485	458
306	228
152	139
272	142
347	183
213	105
151	35
284	97
153	19
471	334
408	290
456	353
124	62
46	11
466	107
359	99
475	443
490	60
320	146
370	46
476	105
406	328
454	99
334	146
458	452
475	291
137	79
171	160
157	13
345	272
487	60
394	117
268	28
224	23
250	192
464	30
494	307
486	13
485	387
403	157
466	452
352	150
496	310
205	204
452	163
113	42
453	342
319	125
264	12
386	197
267	183
222	26
305	132
221	42
297	83
371	94
410	393
411	21
423	379
345	26
194	18
189	94
401	138
480	101
156	80
127	86
259	120
458	51
205	18
169	80
368	326
257	108
459	102
456	350
497	180
354	50
48	16
172	30
267	40
481	352
469	414
339	274
468	444
429	393
282	159
160	29
189	98
132	119
389	132
268	134
294	84
243	84
363	22
241	50
239	36
441	356
406	62
234	118
86	12
294	162
189	24
74	31
217	162
316	152
264	224
473	230
343	11
260	199
237	98
161	33
374	274
331	27
326	158
348	246
309	165
333	29
144	118
359	167
321	213
26	25
481	68
492	13
498	141
470	250
366	17
368	283
198	143
420	253
154	42
397	346
285	219
329	84
226	109
283	2
453	395
472	67
266	197
374	299
463	1
286	210
339	266
133	65
364	241
495	196
276	23
391	111
336	218
357	328
140	54
319	309
339	265
413	322
112	47
128	83
412	238
464	276
401	210
153	13
380	357
379	145
115	95
263	256
475	301
176	12
463	314
286	146
144	76
386	80
443	355
390	236
429	100
316	147
442	342
425	419
221	36
153	33
433	86
172	102
162	52
143	129
410	43
370	207
252	67
481	3
432	313
249	105
294	158
481	272
362	179
323	219
169	124
396	290
456	269
306	296
218	167
459	390
462	216
259	246
397	98
439	140
491	126
383	247
382	17
306	166
173	28
326	270
236	165
359	143
467	189
477	403
439	264
321	46
420	188
431	364
268	140
371	201
297	286
417	164
257	69
388	12
299	117
339	14
127	113
495	164
430	65
268	51
239	94
485	313
336	257
356	118
499	138
355	108
246	143
207	191
130	85
159	51
493	261
449	445
467	47
429	156
312	269
368	184
459	406
469	155
72	26
163	14
422	404
466	371
304	173
476	222
380	56
123	20
416	235
329	174
264	91
204	54
253	236
487	194
318	104
260	257
355	264
188	75
194	88
387	77
363	205
341	60
315	38
158	111
314	301
461	153
349	81
406	99
362	162
115	57
445	195
401	373
362	90
421	403
497	181
142	114
314	282
343	148
130	105
379	96
274	23
394	144
276	267
421	195
196	59
450	401
362	82
445	176
295	246
273	110
195	15
448	239
476	293
381	185
76	44
189	145
495	295
239	180
495	490
481	236
394	196
29	21
386	234
192	14
451	233
493	486
198	84
389	154
177	2
378	42
491	157
482	131
282	32
139	0
425	29
302	102
375	14
124	42
129	59
221	160
342	78
111	17
198	177
167	115
348	16
331	103
39	1
478	452
251	155
323	134
186	78
384	319
478	298
275	35
443	401
148	138
373	364
478	223
134	49
493	40
275	274
273	91
492	434
19	7
23	11
209	29
121	63
102	37
63	47
419	218
499	417
165	76
406	28
481	356
496	123
301	127
113	18
394	177
258	110
417	219
465	61
343	165
188	118
183	51
358	325
486	14
448	393
371	324
361	93
288	253
447	316
494	4
261	153
235	227
420	68
145	27
417	17
343	307
469	48
421	412
482	62
492	356
464	331
208	78
165	16
358	283
468	274
404	164
332	107
132	91
203	183
359	110
404	173
326	47
496	454
493	262
410	260
371	340
135	25
170	2
403	60
104	40
437	145
162	96
374	225
449	314
327	56
427	64
202	95
396	164
267	89
227	173
301	119
331	1
255	28
305	23
495	97
364	74
203	87
469	306
63	57
419	135
440	323
316	84
410	361
340	303
400	177
254	58
229	93
391	263
408	320
453	109
282	7
412	272
204	153
317	229
475	170
199	89
278	256
291	49
378	349
418	302
363	228
356	201
230	185
356	190
183	78
315	184
121	119
480	93
331	294
440	50
420	220
424	22
335	262
115	83
61	41
423	139
190	159
476	360
423	317
263	235
351	104
470	193
261	57
324	231
485	77
306	49
495	84
475	146
323	264
96	58
202	112
88	48
425	25
316	120
246	59
398	39
436	182
280	37
325	294
324	173
178	129
131	109
129	105
95	10
337	171
373	72
173	129
429	161
262	22
176	39
499	248
250	237
221	219
104	3
311	129
482	31
292	56
339	65
453	260
262	167
112	81
334	74
177	164
399	120
152	45
293	171
432	381
458	151
430	335
411	319
300	228
385	0
454	383
291	85
379	358
287	92
364	129
415	145
485	389
146	84
401	135
470	92
494	444
462	152
479	135
54	27
418	343
402	197
415	362
338	249
325	29
345	217
491	257
22	10
342	100
373	299
417	183
401	104
337	177
380	40
444	354
486	454
406	297
260	204
315	251
497	468
332	129
390	120
339	125
471	171
222	2
263	211
461	186
309	98
444	195
69	56
421	283
211	199
328	33
416	246
431	99
370	349
372	164
374	295
473	33
477	349
446	253
170	148
481	123
480	136
422	227
368	336
270	19
438	60
425	33
492	52
265	63
358	19
342	65
381	104
482	156
492	22
420	117
327	104
184	56
375	42
492	73
498	169
462	92
209	187
322	181
407	345
375	76
392	280
176	172
212	167
355	13
386	95
436	35
373	12
218	130
272	120
135	117
463	445
332	130
117	98
215	19
266	133
265	4
160	78
166	51
479	347
336	41
191	124
182	40
211	102
250	158
126	62
435	327
318	165
242	14
426	77
373	55
467	349
362	53
438	315
347	84
294	283
264	37
394	153
175	22
194	119
254	19
337	53
316	143
240	77
334	35
491	382
453	142
499	485
121	56
438	246
303	125
169	54
326	21
484	365
226	185
293	160
455	77
420	393
495	456
367	191
286	188
475	213
433	188
457	284
234	90
397	129
429	381
129	44
444	312
143	26
371	88
304	27
89	84
386	61
381	52
283	175
121	77
144	127
381	369
273	262
408	100
221	46
362	21
81	71
485	359
325	221
409	40
338	274
294	5
450	354
389	61
203	53
386	141
426	125
366	213
209	138
391	64
297	235
350	349
464	206
220	170
478	14
486	419
217	70
370	289
397	218
182	32
414	64
413	129
455	200
336	293
320	0
445	378
65	32
381	355
495	82
249	214
363	188
462	398
446	147
376	65
408	52
228	160
362	141
360	205
386	337
259	93
214	175
265	165
459	238
75	10
374	227
398	164
364	288
137	110
38	33
95	15
344	80
442	256
482	23
413	39
331	86
362	131
110	69
294	154
88	24
490	261
113	16
119	56
260	26
313	296
353	165
267	220
265	136
497	195
444	238
365	21
278	7
388	184
25	21
230	76
466	323
330	215
391	319
281	23
335	64
367	295
351	325
240	202
271	66
453	6
305	206
195	173
478	69
420	48
396	163
281	239
464	169
470	322
492	106
374	149
458	40
387	84
426	289
488	94
410	99
109	14
280	11
400	356
346	171
159	149
332	258
109	8
367	47
432	180
168	145
481	446
351	100
492	345
238	225
274	99
440	44
480	332
315	114
456	271
193	55
318	206
100	2
161	95
443	107
62	26
412	341
400	341
493	291
136	105
295	263
298	128
422	1
213	25
425	248
173	5
293	258
138	104
345	16
412	221
399	226
413	78
186	31
247	191
204	49
383	169
244	190
363	7
272	55
328	291
313	50
352	154
314	7
315	226
271	245
238	46
484	58
494	318
462	385
247	213
420	186
275	243
425	251
118	91
110	63
346	247
426	210
382	331
358	273
388	236
443	353
231	186
407	33
360	306
134	17
297	133
398	134
460	275
377	335
219	67
408	55
381	139
157	148
461	302
134	35
400	105
455	402
438	417
24	7
233	229
228	210
433	32
436	180
230	179
456	329
196	26
257	7
380	331
441	9
237	219
361	51
182	29
459	98
107	103
456	38
282	95
301	35
397	120
185	131
459	154
444	189
400	221
401	355
367	184
240	65
306	245
469	160
271	239
476	79
183	9
236	66
443	375
269	253
216	196
221	10
255	201
306	29
393	8
277	32
167	162
299	203
450	413
399	233
418	315
194	125
437	400
153	89
479	147
219	64
397	375
489	60
271	251
424	387
412	186
339	17
332	99
398	259
278	94
358	10
253	210
140	71
392	366
387	280
150	86
184	113
376	83
424	199
383	102
150	7
346	128
484	48
252	2
243	144
33	14
471	238
486	22
238	147
431	173
228	200
310	180
352	269
97	78
305	4
468	178
459	80
319	79
493	431
288	88
456	108
309	248
491	308
493	378
455	424
300	73
250	72
416	144
380	327
496	259
398	64
352	210
294	223
268	53
277	264
320	238
189	179
291	3
312	127
175	60
450	416
334	138
395	19
104	32
423	421
241	94
393	161
376	168
435	55
283	105
115	38
105	87
136	33
444	233
139	97
486	375
347	319
370	40
413	377
398	370
498	285
222	132
365	18
366	138
243	110
194	149
495	55
334	231
257	142
367	1
454	447
444	139
453	187
296	130
356	260
410	198
382	178
277	176
232	100
338	152
360	261
433	409
488	62
479	349
342	118
461	117
386	126
366	328
486	79
188	158
213	138
139	41
306	242
330	280
89	78
366	312
298	66
148	50
331	211
378	80
129	79
435	293
183	62
384	182
263	173
215	145
283	132
268	200
245	83
358	50
445	320
487	303
364	177
440	306
341	325
281	187
270	203
39	12
298	108
412	45
423	118
386	378
291	227
361	179
384	351
230	35
280	56
322	321
303	95
195	23
189	96
470	396
256	44
409	232
391	158
48	2
202	7
495	86
343	96
444	415
244	36
377	86
374	163
78	56
466	346
213	122
426	216
446	359
475	65
302	110
468	362
235	33
341	217
378	43
169	40
339	185
285	281
355	82
188	126
348	238
408	289
327	90
389	182
397	193
203	5
188	24
397	95
446	302
468	134
286	276
416	408
298	185
487	229
201	162
109	55
462	104
265	16
228	100
487	86
481	348
495	122
322	320
497	458
354	29
58	50
438	84
434	399
319	37
326	150
164	131
482	242
495	313
67	53
371	39
117	54
158	137
167	151
384	328
157	73
483	430
310	301
449	429
456	310
355	50
250	119
449	213
182	28
425	70
401	328
195	170
490	84
400	372
372	81
228	48
397	215
404	332
443	102
253	34
451	185
443	45
117	6
256	65
375	344
404	69
458	381
363	246
165	11
427	227
399	16
262	152
498	28
115	29
493	297
462	58
495	228
73	65
322	86
496	250
441	305
272	0
351	308
417	138
172	74
265	167
385	297
499	147
351	95
455	251
143	91
370	352
363	327
154	147
427	8
499	446
366	85
342	142
303	63
398	161
236	122
140	67
358	274
439	259
257	228
356	7
492	125
388	290
388	49
186	101
498	273
438	379
267	74
229	172
254	0
223	24
366	157
276	86
415	83
480	225
140	53
427	138
479	186
445	40
419	81
165	129
318	224
440	430
137	75
125	72
289	251
493	326
172	83
479	400
425	305
311	69
497	341
102	36
144	46
339	164
470	417
467	422
467	342
211	151
481	370
399	81
466	349
368	286
257	181
429	217
9	2
193	128
302	244
459	303
151	4
407	312
392	6
484	306
272	234
381	379
477	69
330	176
93	34
385	210
422	189
393	68
316	268
138	20
225	203
301	59
103	18
454	264
457	62
287	109
309	295
434	226
347	229
446	261
414	382
280	275
329	45
155	7
377	134
448	435
436	225
219	55
276	75
404	111
321	148
381	365
433	17
459	381
250	3
48	25
461	90
170	141
311	134
466	386
477	372
365	261
115	9
478	248
246	78
326	105
381	172
261	141
168	148
451	379
487	168
101	33
499	117
193	171
237	211
303	215
456	211
402	362
247	112
45	4
307	183
376	213
369	19
477	14
489	57
268	193
456	314
267	222
314	68
457	35
482	438
57	7
478	6
110	54
438	233
346	262
492	319
255	166
229	177
161	10
436	148
330	153
462	51
376	228
246	241
319	231
224	146
421	121
445	275
125	119
255	204
324	305
282	145
257	145
234	134
313	238
450	404
189	47
241	133
393	56
434	372
450	397
395	24
452	11
321	97
234	100
295	0
395	357
284	127
269	129
407	213
468	311
102	88
222	15
461	61
413	11
447	91
278	233
210	144
118	30
428	305
430	414
76	14
374	270
309	149
499	435
292	230
239	12
480	428
348	170
338	190
413	227
422	231
437	369
290	70
328	54
198	91
292	31
409	162
204	130
440	217
127	11
432	23
441	40
430	217
385	201
155	124
489	453
405	328
142	53
146	104
411	66
365	347
387	284
482	437
407	357
147	15
366	20
305	230
488	196
283	169
453	214
398	366
318	62
378	350
415	373
431	178
422	112
127	120
446	439
430	143
359	58
263	21
491	37
333	61
327	296
415	176
415	303
182	177
140	16
161	140
443	9
449	298
373	84
475	468
297	31
315	51
88	29
383	67
492	317
396	132
60	48
303	136
175	115
354	309
308	233
404	39
443	43
356	313
361	302
141	52
269	135
454	342
63	12
219	93
405	321
310	207
385	323
333	45
179	31
392	40
263	96
416	150
193	87
177	175
476	419
185	63
316	186
293	152
470	355
213	96
297	289
449	312
156	110
379	314
123	110
479	452
327	276
253	187
316	138
222	114
206	131
95	3
87	5
482	73
182	67
348	144
316	168
277	60
350	283
423	132
491	144
426	5
106	85
368	362
378	348
468	358
406	40
450	258
446	164
264	248
160	44
395	284
494	0
489	13
365	38
302	225
494	8
409	377
300	275
124	103
194	11
346	116
291	106
167	135
286	253
418	61
477	360
92	55
361	18
493	368
304	40
439	3
488	83
100	75
357	85
476	361
475	272
335	87
363	199
281	15
487	480
252	27
126	86
197	168
497	381
267	113
37	22
76	31
470	134
356	349
181	125
202	120
327	246
304	116
443	338
316	22
355	74
400	347
443	393
69	67
399	49
298	248
365	82
440	367
454	134
179	103
407	69
386	74
208	147
359	3
453	31
484	107
380	102
322	46
29	6
370	123
357	156
360	115
498	247
196	105
473	120
415	117
180	56
233	72
319	142
292	199
118	95
274	193
487	262
440	90
491	343
381	347
279	98
488	470
274	76
205	22
151	71
498	349
482	71
490	262
492	274
462	320
190	6
412	36
232	91
396	1
462	380
283	261
403	225
484	449
75	29
428	79
468	335
212	73
307	234
66	27
418	326
372	333
475	437
262	142
367	18
140	13
431	313
452	75
423	375
337	117
445	34
84	72
277	224
403	175
344	269
92	87
482	151
414	314
375	206
372	86
383	291
238	135
146	27
473	168
402	394
498	340
461	276
296	233
391	15
422	188
258	30
334	221
327	34
322	14
270	237
490	80
471	270
496	5
121	115
221	92
486	259
302	117
182	105
206	26
345	226
480	213
358	27
393	6
133	4
376	165
209	131
299	42
453	66
124	47
312	13
199	28
451	312
363	122
476	219
107	76
439	297
223	206
168	89
497	425
160	45
266	227
354	181
333	198
62	57
267	114
388	128
302	68
311	244
467	201
459	235
265	30
343	239
56	47
164	87
156	7
496	88
420	199
301	18
398	365
455	27
342	182
265	196
474	142
477	272
326	7
238	54
389	367
374	153
426	137
263	118
425	191
352	12
455	104
244	226
342	96
193	80
217	50
357	206
477	356
488	300
231	67
263	2
260	120
386	251
388	270
390	168
441	330
316	8
131	106
253	18
499	263
233	181
299	178
141	127
423	28
125	11
484	448
498	324
422	66
405	196
411	410
434	384
332	227
351	307
436	60
230	40
109	17
319	279
230	199
360	193
209	208
337	259
452	314
298	38
301	160
117	116
402	319
152	15
368	85
480	436
310	140
343	222
399	392
439	407
364	298
145	138
395	77
345	241
444	244
475	458
250	1
466	166
464	74
342	24
490	438
456	72
248	21
441	118
361	123
144	44
448	343
301	264
284	126
350	254
471	322
351	207
293	234
370	309
212	151
406	21
335	117
299	115
359	353
377	240
334	309
302	294
77	54
405	0
336	180
264	5
456	273
455	61
463	185
327	97
157	31
321	297
71	18
345	169
487	277
488	126
152	90
425	158
203	23
482	393
370	366
459	121
418	88
373	356
244	86
426	190
472	98
444	236
186	96
338	150
229	225
188	159
489	367
471	207
423	158
455	149
470	292
110	27
431	217
242	156
317	106
286	2
31	26
331	162
276	225
456	75
332	15
150	9
351	214
319	80
193	26
487	392
389	374
408	374
497	45
471	240
441	24
345	107
442	10
448	6
158	89
389	57
236	50
309	148
433	137
229	226
153	115
355	310
445	133
382	290
172	88
400	381
207	97
265	47
317	240
469	26
405	256
217	176
374	165
288	54
389	22
251	175
419	149
369	52
471	385
383	238
472	205
329	222
360	7
340	10
373	97
358	213
421	222
435	205
422	97
388	156
368	68
175	21
447	342
466	94
447	235
405	381
325	60
417	111
253	117
421	340
225	62
376	205
77	53
469	103
327	167
460	419
205	147
415	25
431	183
260	227
255	27
476	160
300	220
485	462
368	295
304	55
198	187
463	287
465	20
333	147
344	245
464	35
250	16
451	3
267	9
420	42
403	36
325	181
181	65
414	357
485	331
371	149
419	47
354	220
284	164
146	46
300	104
150	99
439	154
240	41
285	155
491	408
118	71
384	226
231	215
424	411
498	382
181	49
199	66
349	4
325	190
443	329
342	25
137	41
110	95
417	123
424	382
473	286
300	88
330	31
488	353
374	278
372	40
381	20
210	0
304	29
118	41
309	32
306	299
392	13
410	223
183	131
494	112
297	207
332	84
490	123
380	194
260	143
269	75
437	75
458	416
466	102
409	233
383	370
438	208
214	4
257	81
403	189
438	298
139	13
102	16
348	247
186	70
438	401
137	59
485	81
359	71
378	281
379	251
379	73
379	322
487	185
175	118
223	178
484	118
209	155
449	142
493	459
481	262
331	257
456	452
199	125
107	4
372	213
150	94
121	27
453	341
431	360
431	104
301	210
376	78
450	141
450	392
406	280
436	432
302	173
397	379
479	251
301	225
48	0
118	13
185	45
457	218
482	228
281	260
128	75
442	331
469	36
247	240
447	158
87	48
283	263
419	379
231	216
245	35
344	216
427	202
281	117
467	113
358	163
309	119
454	220
402	99
412	19
408	272
331	280
158	125
148	142
450	192
418	405
335	266
488	164
450	191
238	107
360	353
459	419
381	81
325	126
346	321
297	243
413	98
384	311
195	36
485	8
191	98
159	127
480	208
85	82
254	27
92	80
431	147
325	312
217	158
466	63
266	127
338	308
302	176
188	76
438	55
408	318
107	2
413	324
273	87
175	40
380	379
496	79
67	0
353	10
479	121
365	333
229	113
241	224
201	172
436	415
373	355
189	29
466	181
390	289
247	72
234	0
419	22
353	280
403	143
412	217
364	247
496	87
473	339
246	80
339	133
353	1
452	177
206	112
339	80
45	24
359	212
434	318
98	21
447	238
367	14
347	301
450	123
468	45
288	180
159	13
492	24
454	111
448	214
301	222
398	267
453	385
367	275
423	232
316	107
40	10
343	124
494	469
409	174
391	16
279	173
209	93
417	121
341	79
281	20
78	69
475	355
411	219
214	166
278	119
493	436
459	243
473	270
391	300
470	179
448	371
418	138
448	417
368	63
215	37
271	246
437	22
79	2
328	223
113	52
372	285
146	62
393	385
395	380
485	328
446	196
49	19
454	53
276	192
449	17
353	52
464	343
448	182
118	86
267	6
485	422
422	252
129	26
409	213
455	204
443	425
461	305
377	126
394	260
472	7
198	49
429	108
140	33
210	92
317	131
343	50
218	143
193	47
410	177
355	314
351	192
99	7
369	283
403	1
307	97
113	39
375	242
410	109
314	193
424	16
473	11
464	338
368	212
472	92
496	115
485	134
384	7
82	80
306	288
443	65
297	92
250	129
233	58
429	326
182	27
412	167
359	18
372	228
166	56
358	57
254	68
327	175
262	128
230	37
181	124
353	260
444	429
123	97
254	226
129	114
434	143
477	343
228	36
390	242
323	143
345	114
231	56
474	420
210	202
449	235
329	65
203	102
406	257
404	398
267	201
278	116
453	41
437	399
493	269
394	142
420	360
260	70
445	91
417	83
308	235
75	2
264	178
242	107
436	142
255	163
497	129
66	17
220	6
429	333
294	246
222	156
380	298
260	65
401	48
427	297
265	50
332	61
117	71
422	141
408	185
409	106
163	12
257	50
109	63
233	169
397	186
398	87
384	378
431	21
497	200
399	334
428	39
461	233
363	258
434	250
313	95
471	80
443	49
459	258
243	200
412	343
400	383
383	234
478	182
169	97
489	483
490	203
69	5
337	181
453	316
423	42
225	109
392	148
249	161
325	149
417	15
302	139
227	138
478	295
472	382
181	67
128	80
472	14
429	247
237	55
159	126
224	117
355	72
462	426
438	160
416	143
197	3
338	293
299	107
373	203
382	321
88	17
304	129
180	57
117	102
469	120
446	5
486	111
467	217
454	166
339	247
82	48
391	197
104	72
333	255
365	314
226	221
254	39
243	91
196	150
347	24
453	81
62	6
484	2
463	18
221	100
464	440
475	70
97	2
20	6
155	82
174	26
494	167
392	311
467	176
228	204
250	183
441	224
458	65
373	308
438	50
200	183
211	46
289	25
467	200
398	336
183	59
312	181
445	194
346	187
240	24
280	245
182	140
380	78
167	124
237	54
244	116
341	305
491	123
284	102
494	308
365	180
218	11
453	305
377	192
315	100
176	169
244	164
358	253
135	3
171	9
362	195
496	71
343	42
233	226
401	98
249	246
469	107
496	244
472	19
112	40
301	298
202	45
293	66
495	459
488	125
372	76
468	315
490	106
470	388
98	22
344	298
405	278
423	83
388	213
411	230
491	151
352	63
333	106
476	232
427	123
456	118
496	281
142	71
259	55
111	68
365	323
346	46
419	131
205	62
456	349
76	24
312	200
307	221
360	206
403	170
378	163
432	105
497	208
423	368
462	96
295	68
320	118
346	265
422	305
382	135
160	13
171	17
286	102
460	174
314	267
284	160
376	170
242	159
202	75
485	148
294	80
210	43
183	19
494	81
272	267
464	292
252	68
455	317
360	195
394	139
379	234
164	62
343	301
149	123
28	2
158	3
243	109
388	25
144	124
436	391
55	1
282	68
251	87
148	97
298	107
335	190
427	288
477	382
375	84
138	136
481	87
468	389
346	344
275	231
248	234
471	321
476	336
424	413
392	345
164	125
191	100
82	35
251	66
390	362
51	21
478	433
378	166
186	25
496	488
336	187
499	42
290	170
291	72
348	267
442	56
394	138
145	1
283	22
430	70
411	149
327	60
437	15
478	300
205	142
417	100
442	440
186	90
243	61
299	21
443	272
365	78
316	214
490	86
375	57
37	13
326	86
239	134
385	99
161	137
291	41
391	386
262	143
151	7
315	142
401	5
429	118
270	222
471	19
482	475
466	153
380	135
297	125
403	14
427	289
305	285
440	258
386	154
47	25
490	351
467	91
422	398
422	72
273	219
450	218
284	99
412	18
272	46
169	133
259	154
407	300
471	9
476	67
254	221
183	101
297	173
321	234
303	283
406	304
487	299
305	167
311	211
234	200
369	341
68	31
349	71
353	68
108	44
308	120
325	34
485	425
378	267
103	60
213	83
484	127
376	306
412	222
340	300
459	140
486	127
496	336
393	356
412	184
350	104
492	76
497	64
483	153
93	80
19	3
466	399
395	135
411	294
212	34
470	162
128	126
471	118
377	255
421	12
487	166
119	1
276	218
151	139
473	426
375	238
483	35
397	229
252	24
331	50
269	155
402	65
291	281
497	466
474	136
347	71
343	157
454	374
314	297
418	120
398	292
141	15
194	128
451	44
428	126
453	233
289	204
426	132
464	285
493	209
350	57
174	159
381	168
277	254
323	232
132	44
371	130
290	268
341	145
14	9
169	81
59	20
394	303
256	98
471	274
238	53
252	190
439	405
337	111
491	104
482	170
46	0
471	60
393	41
459	298
340	73
252	214
386	381
226	82
470	445
225	33
401	52
321	108
405	336
426	249
257	230
309	270
477	333
302	231
388	62
97	59
282	262
366	251
372	216
284	227
490	419
415	180
368	23
399	175
276	5
438	202
485	210
451	322
374	61
346	2
452	232
289	283
363	41
89	4
378	85
449	386
407	183
309	18
336	93
217	72
308	116
137	36
309	297
263	92
401	72
35	11
401	137
236	189
498	258
227	3
128	74
460	197
417	233
475	393
389	256
252	178
357	163
171	75
443	182
476	431
195	88
375	100
379	59
356	247
390	321
490	103
455	301
344	22
321	309
425	242
331	72
226	33
499	240
311	135
120	31
488	485
441	15
435	153
417	108
493	183
186	29
464	82
379	354
263	110
240	75
481	7
405	87
189	82
402	188
318	191
403	256
315	159
439	389
122	39
186	150
186	24
304	177
291	74
310	150
348	62
399	265
490	402
298	235
331	94
409	52
386	356
346	266
441	28
358	226
485	10
249	97
389	285
497	201
374	55
438	371
347	241
286	123
210	39
460	338
460	7
158	149
350	53
479	250
436	178
119	75
225	130
367	203
498	179
300	142
447	171
303	218
368	66
465	356
144	110
149	111
466	388
389	361
261	190
407	79
414	375
429	28
335	285
277	174
377	334
314	237
450	99
368	261
386	114
140	127
363	196
264	193
323	95
236	34
413	315
421	245
277	183
449	120
379	205
133	106
190	128
201	52
428	353
462	55
433	337
293	157
223	151
159	68
281	201
413	147
481	401
422	11
99	25
227	2
475	429
348	218
425	227
339	131
106	13
279	151
337	246
294	63
304	181
373	120
116	85
375	127
415	110
473	44
227	216
191	36
422	133
259	138
488	422
334	136
280	79
133	44
495	478
200	83
272	238
449	225
411	188
167	75
369	57
457	421
499	434
387	335
424	419
167	118
462	27
183	128
225	21
433	133
257	101
151	85
408	392
273	184
182	8
272	21
433	38
474	148
187	35
321	134
375	212
336	273
335	222
133	21
414	402
211	99
449	41
436	243
483	233
349	8
484	16
305	274
374	296
86	78
334	7
160	133
371	90
220	119
472	411
336	255
478	442
389	166
218	107
191	51
107	13
463	102
371	115
177	107
419	339
139	101
338	242
218	37
268	138
186	177
345	143
228	181
263	79
405	62
389	31
345	142
486	438
380	91
132	63
297	272
460	303
403	322
471	196
144	54
454	129
248	112
326	199
257	28
458	395
276	70
165	99
171	155
328	306
449	26
284	145
262	95
399	262
154	46
237	12
366	333
482	188
428	10
83	81
450	425
430	213
72	66
145	11
244	243
399	243
420	2
384	376
372	368
268	64
261	152
465	219
242	81
304	50
264	195
478	408
277	64
391	324
232	23
230	63
340	99
334	273
220	130
389	207
308	203
129	13
95	70
106	61
363	82
172	91
39	29
425	57
76	54
302	212
367	51
100	73
435	15
472	38
426	184
176	162
438	348
461	246
129	89
262	140
390	1
287	40
315	178
252	180
457	305
466	457
339	197
394	6
402	133
202	172
307	249
408	333
171	150
247	245
440	89
308	225
462	199
351	163
299	186
461	459
365	296
401	157
278	115
393	306
386	179
278	64
137	12
466	97
471	295
350	325
289	27
312	295
229	78
84	30
182	16
278	6
423	383
262	127
141	84
139	138
221	88
239	9
470	416
91	13
491	375
301	110
251	193
467	289
426	291
346	300
412	24
183	36
151	110
414	275
439	306
491	30
72	21
182	43
475	271
138	103
458	216
433	71
491	381
332	277
215	62
320	152
471	7
208	61
377	276
226	111
167	44
430	248
474	274
72	59
478	74
469	73
274	30
285	127
284	246
407	91
151	58
3	2
247	226
483	21
404	95
328	209
469	110
280	144
161	126
265	14
190	189
224	98
202	22
487	479
450	247
229	77
494	234
495	58
308	212
346	298
487	244
493	473
445	11
320	172
250	203
241	54
297	194
497	429
249	241
383	114
269	227
365	50
298	172
359	249
429	154
262	74
419	75
387	111
472	72
45	42
464	361
328	247
393	292
324	86
70	5
493	369
38	35
322	125
442	223
83	32
210	85
351	12
484	23
461	103
458	311
306	124
304	139
424	315
447	199
440	277
293	272
361	256
194	90
395	139
461	102
200	29
322	95
174	114
394	374
433	174
484	105
250	27
449	357
151	133
490	25
452	137
159	57
295	175
62	48
441	391
360	108
178	18
110	12
464	447
77	12
496	100
334	55
279	246
276	69
145	98
183	86
492	11
364	221
245	220
444	48
218	16
156	140
180	105
467	270
475	364
249	152
186	9
220	30
90	86
184	132
108	9
334	32
166	23
407	72
449	105
387	129
237	163
380	204
452	21
472	131
448	151
393	221
348	132
401	41
235	225
402	150
317	278
258	126
252	5
293	287
402	228
236	202
164	151
466	258
216	5
341	109
193	13
235	204
270	55
422	130
291	170
486	193
360	109
441	196
289	5
304	95
252	90
267	266
352	168
315	80
249	151
491	46
397	381
422	194
239	17
324	226
353	284
434	277
465	89
284	25
485	35
368	200
45	13
263	77
220	20
355	130
352	106
313	75
395	381
496	173
423	367
368	318
342	240
165	98
498	328
214	135
469	367
241	171
299	65
294	106
497	46
450	64
368	90
252	230
367	49
130	16
485	388
462	98
359	352
308	104
430	77
449	207
167	19
440	401
107	11
354	85
386	248
416	402
242	171
374	217
449	405
388	78
203	55
348	66
482	176
416	198
495	178
387	308
305	104
245	204
301	111
434	43
442	25
307	268
422	46
64	24
347	143
254	181
395	105
217	185
425	100
420	134
309	216
299	200
346	71
372	205
107	37
409	125
352	186
461	344
95	65
487	93
205	31
194	3
386	90
129	101
456	93
155	98
363	131
209	192
310	107
273	102
344	284
229	25
275	81
29	5
217	85
443	307
186	45
486	24
461	49
432	343
437	160
234	138
373	101
213	192
317	257
119	39
438	284
265	126
247	110
456	315
297	8
410	371
374	254
413	267
339	142
484	336
452	198
187	55
211	53
335	158
468	322
376	349
349	187
296	193
415	181
367	208
391	6
262	236
435	74
374	209
464	297
461	17
490	346
484	324
452	295
125	104
430	34
97	43
374	219
341	247
246	239
281	230
366	179
381	182
487	347
478	23
432	208
445	44
473	392
219	149
333	186
205	43
365	259
297	14
265	80
428	64
339	312
438	235
468	326
403	318
290	47
166	107
491	330
442	270
419	165
462	196
450	132
341	59
188	155
290	204
102	73
436	116
497	385
419	386
281	107
329	262
499	285
241	192
226	187
391	279
71	24
421	114
466	34
387	145
467	178
287	248
158	32
432	394
245	61
142	1
352	113
270	102
420	235
391	13
423	44
400	145
279	190
372	150
300	152
337	289
87	62
328	116
273	14
420	387
254	232
362	314
437	258
232	202
417	322
258	192
365	266
160	24
460	400
89	49
333	2
320	227
467	394
175	104
400	396
433	333
390	102
351	58
283	74
291	272
486	177
258	129
434	417
379	214
361	9
245	161
228	173
340	194
304	45
263	196
94	32
114	15
296	28
391	90
457	441
307	194
384	33
272	241
375	290
190	101
284	109
250	214
476	168
186	68
492	124
182	46
368	61
119	20
465	187
179	72
489	376
163	142
333	109
457	92
429	69
158	141
351	332
359	81
440	431
480	171
311	229
411	306
441	19
410	193
120	40
436	108
148	33
186	4
278	252
387	168
439	218
228	5
265	262
257	251
317	115
416	146
359	355
427	160
203	149
288	247
361	327
78	45
391	352
323	309
168	75
322	97
368	46
397	230
282	156
166	119
301	204
477	57
383	54
448	400
493	70
182	45
329	17
343	179
134	45
284	70
251	122
200	139
426	83
426	380
293	269
453	357
498	379
344	264
119	89
368	133
477	15
132	72
389	131
71	28
480	409
493	111
197	194
464	268
228	77
226	19
454	248
491	370
125	91
131	28
146	92
383	31
136	121
379	75
321	26
424	306
498	428
496	9
407	177
395	185
330	15
408	243
493	484
469	444
463	156
457	400
231	24
380	248
495	293
121	28
216	49
232	65
474	332
76	35
230	16
106	16
322	252
75	18
302	197
463	8
208	126
469	230
458	134
126	85
132	79
392	357
496	109
461	18
470	311
252	0
256	94
167	18
420	379
448	300
285	247
288	116
370	281
238	89
146	6
290	270
449	118
437	68
369	112
285	272
476	108
412	210
298	219
266	226
391	94
287	252
352	265
421	15
453	449
366	97
251	222
213	37
321	277
335	307
373	122
366	10
337	58
192	167
426	136
414	291
203	176
279	264
443	438
434	290
429	4
491	483
408	69
208	179
360	18
423	327
403	145
378	170
232	161
119	113
81	67
260	84
414	149
457	16
195	82
480	18
255	96
469	196
190	118
463	9
221	175
144	119
334	286
316	217
263	57
475	464
83	11
234	158
293	52
495	126
359	318
353	329
263	36
298	260
375	133
219	139
152	25
462	330
356	84
491	137
301	278
227	9
246	164
437	351
430	8
436	99
277	69
473	332
347	127
417	71
299	35
302	43
439	293
390	323
197	119
298	11
422	215
319	252
81	9
471	95
367	130
395	128
57	55
289	241
384	339
465	195
263	225
336	135
92	88
168	113
484	296
434	38
436	276
284	258
416	283
196	0
235	179
453	69
458	405
137	5
238	175
376	253
446	13
497	26
492	314
424	49
256	93
13	7
423	140
402	240
305	126
400	15
193	12
342	6
440	319
462	67
259	175
127	61
430	207
221	94
40	35
465	271
385	33
481	81
358	153
409	142
297	127
365	209
51	23
235	224
432	223
306	205
455	187
471	380
306	198
354	20
448	295
390	280
473	116
187	20
496	31
479	314
476	191
393	16
269	252
476	12
346	131
410	239
108	14
298	71
201	83
437	343
412	285
370	195
411	159
461	237
246	54
99	11
349	203
458	105
439	60
344	65
427	140
229	140
421	329
273	11
412	78
489	45
175	106
386	374
208	95
459	273
362	341
57	48
255	191
445	311
455	123
433	403
209	45
431	322
466	300
335	309
294	102
310	0
479	290
370	203
281	46
164	76
334	205
311	165
385	367
481	186
245	194
496	354
291	169
92	74
203	135
204	24
379	361
295	149
466	431
324	144
205	110
290	211
438	333
438	150
492	388
271	198
325	183
265	182
396	256
497	219
496	62
444	109
311	87
482	251
489	309
456	234
218	12
294	7
431	155
358	37
396	352
472	159
226	18
483	4
447	108
246	181
419	230
362	106
239	186
394	358
123	35
288	285
432	426
192	165
411	200
316	223
182	136
493	475
329	0
262	210
329	267
423	86
420	378
209	166
441	338
463	158
321	45
72	65
447	444
150	31
269	62
228	201
423	390
319	124
473	312
454	16
369	51
170	77
364	242
474	297
484	483
328	36
345	86
459	427
203	34
374	17
400	346
258	154
386	258
462	457
134	37
488	140
386	75
61	58
101	65
209	22
138	120
415	134
288	69
481	366
463	363
386	342
456	421
287	188
361	251
255	106
161	94
155	107
115	81
347	22
435	232
381	123
369	215
351	85
198	12
330	199
441	405
349	207
55	5
357	167
374	106
47	0
270	260
239	229
85	13
361	246
183	179
489	434
152	106
254	45
365	154
324	270
449	373
333	233
277	100
428	263
301	90
410	332
485	27
345	58
447	353
314	77
400	192
347	155
458	147
241	40
163	32
419	340
469	445
299	208
398	138
415	104
349	73
168	124
52	23
469	91
171	4
219	212
387	366
164	69
279	200
336	30
382	344
315	9
419	104
338	149
158	14
492	292
181	173
478	389
460	251
313	111
485	45
232	49
252	223
267	17
497	8
260	83
392	69
115	12
462	333
361	309
332	195
463	340
280	85
415	135
222	78
430	157
204	108
415	14
277	122
390	6
302	76
141	101
287	214
184	71
326	145
463	5
74	35
476	127
318	253
376	285
229	12
319	11
258	139
458	353
411	75
54	43
118	92
131	104
197	174
490	99
410	404
339	204
485	0
438	149
455	181
261	78
266	5
264	246
293	172
214	18
485	109
252	186
306	237
171	120
374	65
160	158
480	290
485	207
471	31
438	370
292	215
465	249
445	285
225	52
339	69
416	344
354	193
235	170
387	188
315	179
280	72
427	267
465	144
390	201
226	74
489	355
317	231
498	23
491	259
345	320
497	144
492	6
193	125
313	201
306	39
464	157
384	97
338	156
426	176
361	178
425	323
154	69
196	63
492	282
497	214
427	271
281	175
61	22
457	227
94	81
89	29
108	68
382	4
433	349
294	16
497	367
445	67
461	420
269	55
435	52
291	268
458	227
216	145
332	156
297	182
225	10
396	94
403	260
480	413
453	408
58	43
375	326
415	15
357	253
134	11
252	28
360	316
361	281
281	17
389	143
258	161
282	86
346	197
447	152
351	257
483	382
282	30
177	13
491	422
499	8
340	93
454	356
448	23
444	217
456	9
432	329
151	60
480	127
489	186
278	174
255	122
242	227
433	31
416	239
330	284
225	15
248	199
236	61
114	19
459	125
274	270
294	277
455	197
457	304
315	108
379	266
283	156
448	78
497	261
273	232
413	94
175	9
361	147
465	445
399	24
263	11
161	131
370	177
346	43
297	74
472	1
477	30
491	189
445	87
379	68
437	245
301	215
274	80
104	98
314	95
362	39
393	377
413	399
461	385
415	348
142	57
438	23
346	133
473	393
399	203
437	74
126	59
222	33
415	19
389	50
67	65
387	242
444	218
191	146
194	124
470	17
326	126
495	175
383	252
408	36
377	93
382	217
469	455
275	93
485	365
433	87
138	124
432	259
439	105
327	69
443	333
403	53
342	30
413	75
347	170
214	49
289	259
472	59
396	225
416	349
411	247
478	269
334	217
182	174
370	257
414	70
211	0
230	223
331	9
199	33
439	213
324	164
471	117
332	200
143	40
421	325
487	433
374	24
226	93
280	50
252	184
35	21
327	254
475	194
287	67
313	223
301	266
186	14
482	57
227	89
481	118
237	93
487	441
202	1
397	345
468	321
475	346
390	0
209	110
36	17
443	305
311	174
318	158
428	274
167	42
486	436
486	432
444	209
469	301
339	115
251	4
309	268
271	177
353	84
130	0
260	44
427	131
153	138
295	75
315	37
449	425
205	187
485	405
167	57
412	257
299	126
449	204
461	107
436	179
334	71
446	335
388	302
445	402
448	155
116	11
490	93
487	375
158	90
435	417
390	40
397	132
385	279
267	48
285	223
374	310
408	275
449	208
241	104
403	399
370	342
398	139
387	133
499	103
495	300
91	88
429	279
218	122
336	334
421	78
471	415
76	69
493	5
373	8
196	135
333	145
328	49
444	67
408	276
461	31
386	326
378	57
190	188
493	84
295	294
293	51
417	43
219	109
394	256
430	182
488	363
345	331
415	151
261	140
434	183
179	20
483	2
450	55
495	411
399	271
300	93
429	243
283	273
410	96
92	54
209	159
437	119
497	336
353	227
401	119
302	260
477	345
202	140
422	348
173	172
214	56
255	136
494	33
348	291
328	125
350	54
304	234
491	119
189	26
266	51
325	61
294	291
130	118
181	5
486	97
468	416
465	277
434	281
452	52
463	286
401	30
277	83
345	89
401	326
133	26
451	301
381	93
349	112
132	121
318	242
219	56
105	42
343	184
299	74
350	132
349	13
484	321
383	7
240	199
458	305
319	95
180	132
462	237
450	139
468	273
485	253
328	59
196	90
397	106
489	222
459	169
454	224
484	22
180	116
451	408
381	54
416	256
410	182
480	327
222	181
350	22
240	31
175	14
494	359
497	102
445	161
478	131
329	191
244	15
453	370
233	155
389	266
393	325
146	82
398	157
448	143
432	106
492	67
466	104
246	48
407	77
314	180
191	80
383	153
346	191
173	143
494	277
225	147
167	94
429	115
392	16
484	454
435	244
461	8
425	298
454	91
98	80
395	270
378	195
433	297
318	210
259	109
310	307
447	429
428	160
432	428
393	183
304	290
345	253
429	382
436	34
270	232
496	4
206	182
482	63
373	31
442	393
409	336
287	45
430	109
393	269
249	121
337	152
260	229
492	217
372	353
399	292
478	159
308	293
386	46
410	251
495	144
264	0
453	141
334	323
130	81
467	153
410	89
254	62
201	134
466	448
469	274
430	371
213	24
466	381
443	408
474	82
300	299
386	60
470	255
265	264
254	249
197	60
190	174
498	50
276	8
190	97
409	376
414	29
308	285
374	335
344	132
362	229
155	132
399	42
127	23
392	152
322	26
159	79
359	56
316	264
250	45
267	164
332	23
458	298
265	60
413	272
461	152
321	105
464	130
219	168
157	45
367	92
211	105
302	95
363	91
357	261
34	11
216	201
406	103
347	54
258	159
62	23
220	150
407	195
315	302
472	57
245	117
270	242
194	74
104	35
498	376
462	204
433	277
364	167
496	130
261	102
466	10
292	291
160	38
440	286
217	202
391	235
392	263
418	384
375	203
467	458
290	31
49	33
316	87
156	104
320	305
454	300
387	5
195	49
261	213
267	196
496	351
470	148
406	26
244	179
266	54
299	18
259	100
440	283
419	120
256	221
339	85
246	40
100	85
165	101
394	86
131	125
265	37
324	146
409	0
363	259
131	54
92	9
413	70
495	171
344	46
266	258
450	157
83	74
240	71
118	10
486	380
278	152
178	145
362	307
498	34
326	197
484	277
473	86
493	400
180	159
332	192
421	62
213	80
172	66
192	108
240	162
346	215
496	305
330	82
241	136
305	294
365	189
494	58
443	0
201	30
424	277
388	162
259	174
331	226
314	300
287	29
422	293
261	225
311	89
438	122
372	100
141	58
425	225
461	328
205	116
324	263
424	130
482	345
217	172
287	53
191	121
401	106
298	50
428	77
422	202
458	387
456	333
237	235
367	121
476	117
336	228
491	118
308	86
397	176
282	74
358	16
398	94
411	82
113	8
408	21
396	393
435	414
434	126
475	267
297	261
439	242
314	88
378	21
184	24
379	270
347	38
365	77
218	217
291	13
391	28
332	186
170	113
176	123
461	425
488	317
394	235
413	282
421	127
419	297
480	317
211	108
277	94
478	18
338	15
428	406
454	361
415	270
222	169
476	34
448	320
352	166
496	324
414	139
434	309
268	234
426	51
483	310
458	391
419	100
304	62
210	209
367	187
378	30
279	109
462	327
332	17
67	7
312	265
340	133
376	176
104	22
87	18
136	3
321	66
371	314
301	141
450	140
471	58
390	265
401	25
493	338
463	49
91	60
364	295
53	8
213	8
335	65
494	127
499	50
480	92
386	2
499	22
223	172
273	165
339	139
338	45
389	255
21	6
486	204
235	1
335	108
179	169
407	327
493	427
236	151
272	22
302	188
439	368
168	128
377	214
358	323
346	287
233	12
171	67
265	260
275	214
404	259
244	224
279	113
204	39
267	43
235	207
215	80
335	85
258	171
315	248
468	157
303	50
400	49
460	354
214	84
388	22
333	236
339	5
286	218
351	7
239	187
301	51
380	250
437	94
369	293
442	385
461	251
466	434
336	31
155	86
431	112
95	71
343	111
484	37
226	62
316	142
443	130
250	152
235	154
377	302
226	217
236	68
435	171
386	313
397	376
497	140
472	35
455	359
116	70
206	195
402	302
374	307
462	331
109	106
257	139
191	139
438	250
149	37
405	338
489	445
243	86
202	74
413	358
452	282
427	311
351	253
371	134
375	44
340	335
334	239
450	331
456	7
310	29
308	219
317	92
41	33
299	3
491	98
203	96
459	444
295	199
358	124
276	61
186	178
319	102
309	35
356	32
131	74
467	432
414	268
497	51
71	17
419	362
360	319
424	371
479	465
442	430
477	393
403	238
281	125
331	184
417	231
440	254
362	116
295	198
204	164
414	270
249	112
108	87
150	15
473	341
220	51
246	230
311	105
421	219
410	233
218	44
230	139
376	114
347	197
288	6
465	67
128	37
135	19
416	325
399	322
486	137
402	69
443	11
462	360
265	8
426	323
241	196
177	153
185	5
394	73
357	268
183	143
191	135
483	38
302	174
343	269
254	118
99	65
180	58
209	120
287	200
268	181
268	114
213	179
460	144
349	321
373	52
469	365
493	257
469	253
376	257
426	34
347	23
357	313
456	252
495	476
439	169
404	33
420	65
490	13
85	69
127	63
151	27
149	23
179	17
463	167
452	269
466	108
466	145
401	202
428	360
497	266
489	465
358	41
330	291
300	107
205	171
464	311
94	37
126	103
460	356
97	73
103	47
366	79
436	94
289	160
261	250
427	115
357	121
146	69
406	127
380	337
359	57
154	58
223	0
391	43
358	28
170	111
426	79
259	105
482	80
97	37
439	329
418	275
457	424
256	62
418	91
354	344
380	171
295	74
333	191
252	108
430	421
472	453
104	73
439	35
127	99
246	225
420	332
147	60
438	237
452	220
260	135
493	380
145	66
295	272
160	68
156	72
492	26
150	111
197	50
282	266
498	277
164	157
98	82
219	36
340	37
211	54
430	86
120	44
255	188
366	196
374	372
427	222
430	318
143	116
435	385
266	93
407	120
289	197
477	369
443	227
207	172
217	95
430	344
339	18
377	12
129	42
105	65
476	260
367	150
493	161
381	318
281	42
186	61
303	273
404	321
203	143
463	197
267	127
294	212
484	136
448	398
419	291
432	214
255	2
459	115
117	12
460	184
287	281
275	98
401	387
342	291
123	25
326	164
337	329
387	192
312	272
282	232
405	140
8	3
455	116
334	191
445	407
446	22
51	39
387	207
383	326
468	46
428	335
380	226
480	369
362	2
190	8
392	300
390	345
240	211
368	198
336	189
267	150
193	151
334	240
354	140
397	5
439	99
229	43
323	236
389	107
229	166
84	36
213	155
475	139
399	305
108	100
201	39
411	134
404	16
466	393
395	95
237	125
360	12
214	130
459	205
169	148
414	61
356	74
223	135
331	135
256	137
23	8
300	59
485	413
110	108
305	216
492	44
370	39
193	1
474	149
461	374
368	199
428	324
408	32
483	45
426	30
312	69
326	231
37	5
341	134
227	210
328	61
476	210
373	151
438	218
427	168
262	252
328	177
406	296
499	442
349	185
111	52
103	100
394	312
213	203
293	291
181	69
476	423
234	47
232	145
474	379
230	105
146	34
336	160
121	70
479	86
341	317
402	343
374	171
351	51
387	283
169	106
491	275
476	397
375	195
235	126
481	411
279	73
139	27
140	10
332	331
454	169
313	252
431	236
408	364
346	290
401	156
423	360
171	63
236	81
90	3
139	23
152	104
409	242
415	152
340	64
471	290
464	312
79	53
278	77
169	63
416	382
330	250
340	141
280	262
142	137
278	82
196	110
99	16
146	17
394	195
255	167
271	126
142	37
335	163
350	311
478	135
441	249
250	17
464	258
279	134
497	394
233	192
406	45
262	99
451	100
444	309
399	119
470	100
314	271
350	171
133	31
375	262
369	287
339	273
370	75
453	426
227	180
230	184
249	27
458	222
327	241
231	111
293	170
297	244
446	438
399	69
276	179
441	201
462	350
398	302
458	141
15	9
65	7
401	180
390	119
448	418
234	147
162	130
278	41
454	262
327	279
443	383
179	131
488	170
441	397
356	270
392	51
496	412
367	108
212	138
446	7
302	57
291	2
403	176
424	355
114	57
439	436
398	275
189	33
222	80
320	268
357	93
275	27
319	228
440	204
460	25
496	486
474	311
390	54
175	96
352	310
337	243
161	96
405	290
342	131
192	44
312	156
291	40
378	56
360	22
387	243
395	350
280	38
54	7
74	25
290	269
224	156
258	225
492	365
413	395
352	317
254	206
420	260
405	372
340	3
424	95
321	306
357	216
457	320
313	192
158	31
250	139
351	238
332	247
232	61
247	164
287	237
461	382
457	254
351	169
164	158
456	231
88	74
435	36
278	20
215	75
332	250
204	16
382	381
259	65
396	309
343	91
434	297
194	44
309	299
248	243
227	55
181	64
412	58
470	411
332	33
349	183
244	97
324	189
127	17
335	101
458	199
209	20
431	90
455	294
412	1
420	359
159	27
135	102
334	164
327	162
174	104
339	192
125	84
296	160
414	276
483	293
486	50
236	138
435	33
435	175
439	5
467	161
201	163
157	116
490	413
360	54
426	279
364	134
386	187
478	350
472	258
470	407
466	355
80	56
344	36
413	109
210	31
212	198
492	127
103	74
420	230
480	133
356	220
408	325
429	151
300	96
27	21
481	149
482	465
483	196
483	429
312	40
249	172
233	113
141	47
365	280
492	57
472	274
314	149
235	5
404	323
201	114
43	7
476	259
224	59
274	136
103	49
489	363
178	64
291	263
492	263
210	88
201	6
350	259
348	137
49	18
431	87
174	86
490	338
468	463
484	255
248	22
483	300
484	383
445	14
443	422
294	187
237	38
382	210
411	67
487	111
389	233
104	80
195	94
234	139
142	123
471	397
444	437
412	268
349	231
366	237
207	177
257	114
40	37
463	450
454	1
272	156
473	401
92	13
460	448
465	94
359	118
482	92
276	111
486	145
457	275
313	47
289	236
237	10
320	230
399	12
140	58
269	211
486	385
467	378
483	438
435	336
483	433
366	127
289	131
467	165
451	84
417	97
236	2
305	72
488	84
472	296
408	39
139	2
266	247
424	161
183	159
484	241
364	4
165	102
143	25
452	182
468	11
291	228
286	25
449	113
260	36
462	139
315	206
384	147
229	149
205	195
361	223
303	120
410	296
402	55
263	189
326	114
225	59
457	38
341	309
415	118
491	430
447	401
35	25
488	481
493	385
264	137
431	214
485	259
189	34
350	249
143	52
150	106
422	118
406	399
294	216
414	250
356	308
342	62
388	37
464	170
477	460
483	409
457	312
464	36
323	132
92	49
454	446
405	94
293	136
403	268
353	180
75	33
410	278
379	353
139	43
409	71
460	456
491	329
489	244
401	248
70	7
455	68
119	67
392	88
364	213
273	199
484	209
106	93
378	36
137	46
364	273
77	25
199	116
474	120
475	113
353	270
398	281
216	209
461	441
434	352
224	94
229	79
84	80
171	0
184	89
369	67
197	173
95	24
93	25
207	182
244	51
128	122
432	9
418	254
197	28
478	329
130	99
443	275
234	225
473	147
470	281
294	186
195	52
364	92
416	405
436	271
438	145
374	20
152	140
363	207
131	130
202	115
303	0
376	94
464	330
361	169
383	222
121	37
415	6
431	37
415	60
476	5
374	37
467	86
440	307
151	28
455	411
458	16
491	334
122	119
346	86
393	242
340	124
498	144
157	85
251	92
459	398
295	92
478	236
328	91
438	83
142	102
497	475
155	44
319	258
471	231
289	179
425	176
282	33
431	262
383	196
223	55
484	217
317	276
456	150
86	51
368	337
436	57
287	173
370	198
307	0
350	274
473	198
441	11
124	61
278	268
416	319
365	232
490	482
188	72
485	338
296	146
459	301
459	183
398	149
458	382
229	66
303	64
389	63
273	60
328	99
277	15
175	1
251	211
298	5
468	361
278	167
96	50
465	441
28	22
492	476
481	377
356	215
270	43
257	167
310	96
403	283
159	110
453	419
337	82
456	278
298	261
411	185
310	98
416	264
431	316
484	78
460	126
393	146
352	336
119	86
344	308
490	162
276	261
434	314
313	267
459	457
330	92
380	297
432	297
426	405
473	227
228	63
188	151
464	459
458	203
319	298
454	177
419	316
463	89
457	82
239	0
313	125
479	293
410	268
471	269
406	348
390	4
258	222
215	158
348	208
255	129
447	197
349	293
385	238
248	65
308	306
179	124
316	299
455	207
476	163
426	99
486	319
304	167
141	49
437	35
396	121
407	318
451	54
241	19
297	76
491	447
320	1
277	269
232	137
142	65
324	78
404	145
106	86
126	96
62	42
174	162
364	119
240	103
463	454
415	48
454	298
306	130
193	35
478	11
485	249
473	276
479	235
394	63
454	439
490	50
133	55
380	275
350	134
420	166
270	42
493	362
177	67
293	228
298	69
493	120
350	287
391	117
326	318
358	237
408	187
201	53
340	330
366	51
110	42
488	415
335	174
361	64
378	3
225	14
490	257
282	119
150	12
51	16
407	207
377	128
471	157
386	79
364	187
414	27
224	10
302	78
353	39
220	21
484	289
376	172
428	423
458	317
144	15
406	363
480	0
316	136
436	54
385	25
157	66
320	217
490	0
346	30
216	136
266	21
476	352
262	178
302	264
308	132
343	293
458	309
442	40
261	212
113	100
228	174
310	26
70	21
214	52
76	10
427	390
473	24
55	20
354	163
404	30
474	377
481	435
111	28
494	299
441	146
493	76
277	135
262	134
437	337
406	214
155	80
388	66
476	347
479	405
149	4
163	27
372	13
335	236
348	256
370	159
419	256
430	134
281	35
266	156
469	339
274	186
186	91
223	93
314	16
239	113
439	270
346	35
463	414
269	177
415	257
308	170
370	59
189	144
381	325
360	325
482	472
288	211
348	188
230	62
373	64
174	63
227	13
474	445
145	80
440	172
478	214
393	109
122	74
414	366
452	323
126	106
277	219
316	271
401	121
472	42
162	121
191	185
439	135
478	105
356	87
254	145
368	77
478	143
478	157
467	463
265	150
433	113
476	234
468	413
200	91
351	265
421	311
48	13
384	76
211	135
392	222
234	204
400	321
304	237
257	27
331	48
289	229
338	219
220	178
444	35
124	40
452	208
187	147
365	60
342	225
425	116
489	471
252	159
265	156
111	91
472	88
435	135
246	56
213	191
220	47
320	313
379	90
443	410
275	158
373	158
217	97
371	268
173	113
378	242
312	131
249	200
252	42
433	178
353	191
203	63
484	457
95	31
487	472
472	162
498	251
450	13
173	132
356	160
451	169
211	149
64	52
454	273
406	372
148	47
474	145
342	157
161	37
194	168
487	160
459	241
411	260
223	214
482	388
341	72
189	77
330	0
479	252
389	45
404	318
498	189
393	283
403	66
336	103
487	403
399	332
151	99
322	138
225	190
284	117
233	2
314	102
470	195
281	112
163	34
397	250
315	30
361	243
393	203
289	151
75	17
454	70
440	372
345	30
83	26
170	157
309	184
361	122
441	198
286	163
203	147
296	103
