386	318
531	127
366	48
458	379
374	127
619	369
668	77
454	366
555	489
685	320
592	95
576	389
386	298
658	49
475	25
615	383
465	390
573	443
256	83
509	361
440	0
659	202
590	471
388	153
356	236
557	371
646	78
638	110
392	242
144	82
377	10
496	17
578	543
591	228
658	112
586	577
631	583
99	96
501	30
407	366
672	70
484	67
205	136
625	401
647	407
615	214
452	443
195	57
411	295
295	132
377	370
166	132
545	177
492	301
193	104
662	114
433	329
619	131
435	368
663	447
626	440
360	307
512	203
526	105
680	312
543	506
333	140
477	305
27	3
599	505
695	551
653	92
259	224
308	119
500	171
257	241
574	310
221	7
642	364
624	601
558	85
497	91
669	495
574	220
587	522
603	119
675	268
681	45
598	272
615	12
405	404
493	119
524	380
454	109
346	344
638	119
610	533
573	405
428	328
569	130
405	122
512	21
625	8
549	484
260	140
202	124
110	93
355	26
413	174
461	20
675	145
642	272
134	108
511	486
501	93
381	71
623	324
446	245
572	448
667	636
657	47
634	282
158	98
470	363
393	67
573	160
422	201
455	210
617	423
577	10
618	31
400	183
205	4
233	210
529	460
680	662
634	555
640	225
630	308
280	263
186	23
407	12
315	62
429	184
534	144
672	496
419	270
671	380
347	98
498	482
335	273
636	2
614	593
616	413
630	148
474	379
144	134
663	635
259	214
362	155
668	558
664	487
668	533
132	107
609	170
590	224
545	518
518	326
480	326
683	645
442	114
455	67
639	594
447	298
657	548
429	190
478	469
449	66
368	240
458	385
364	38
696	115
495	216
300	210
240	203
613	85
535	285
349	304
649	25
407	186
319	68
378	275
199	179
591	168
373	177
681	367
193	138
609	534
294	164
693	689
523	300
549	528
414	181
231	64
589	428
614	329
360	179
684	633
676	139
603	527
110	55
671	555
81	25
190	29
419	397
225	205
282	126
134	23
386	120
475	1
317	62
257	119
697	26
365	10
548	221
255	224
468	33
370	235
457	269
617	424
355	254
512	266
510	269
317	80
323	143
597	273
676	514
257	32
432	137
675	178
660	384
663	12
488	63
584	7
297	110
516	257
544	204
621	241
629	405
423	179
657	644
217	35
651	263
513	315
507	18
481	224
678	2
540	474
354	186
11	6
314	90
635	328
319	138
343	191
498	476
390	101
247	168
436	114
134	63
320	144
261	230
692	614
660	389
677	106
593	255
445	9
564	447
653	609
307	109
192	12
679	631
698	186
130	13
293	211
92	19
613	571
633	274
525	225
308	84
311	221
536	353
263	93
511	94
625	168
256	159
585	402
447	411
170	6
540	167
583	194
491	393
364	263
427	368
585	206
687	538
385	338
523	390
365	236
405	269
283	231
559	392
686	287
430	387
243	196
659	296
485	356
77	20
288	127
338	63
319	312
482	194
51	23
655	105
695	227
656	217
493	0
568	464
628	52
295	15
600	325
675	206
358	37
528	352
612	11
442	88
388	181
686	327
619	2
147	139
626	343
336	162
203	162
370	337
432	165
670	562
450	247
321	54
647	504
660	580
626	537
518	191
620	350
652	551
695	378
80	29
205	77
518	336
485	419
508	455
617	601
162	116
329	85
273	3
485	76
628	142
460	273
587	154
548	94
666	509
666	179
557	266
585	121
456	251
357	13
124	100
698	682
378	33
294	194
582	574
256	87
336	244
39	34
216	193
631	225
451	139
339	10
683	351
643	184
614	551
593	440
454	377
431	234
371	252
508	154
562	431
205	100
487	217
406	201
267	218
123	5
658	601
390	144
485	160
635	52
418	163
395	372
418	334
506	263
441	387
393	212
495	310
233	63
651	389
548	48
135	118
421	188
265	233
498	487
484	269
337	114
575	564
687	588
588	221
670	261
377	261
607	318
622	168
112	29
158	24
428	166
378	312
592	477
675	661
114	82
397	138
489	284
670	556
679	117
421	30
432	244
445	63
149	99
457	411
612	402
358	9
694	614
601	303
628	271
198	66
635	445
344	228
500	44
420	155
464	41
670	214
212	77
415	126
375	138
103	66
427	360
661	208
536	1
332	262
306	157
147	64
294	282
588	328
619	339
650	75
644	53
264	74
628	67
622	199
456	249
292	290
495	53
636	450
634	104
524	276
699	494
442	32
682	617
104	58
606	525
277	79
590	174
298	176
627	580
546	76
529	243
129	4
548	505
683	86
506	385
666	446
467	31
409	260
648	453
389	260
461	431
237	107
321	32
389	154
496	185
141	23
452	53
669	31
470	232
445	169
504	116
579	66
567	542
587	266
502	185
671	279
580	430
456	177
588	391
603	162
308	305
374	112
179	20
650	492
641	1
577	12
548	253
92	41
267	194
522	326
427	151
393	153
351	294
384	238
439	82
610	512
447	70
202	4
679	617
230	46
297	30
368	205
160	89
268	114
612	58
637	115
532	500
543	306
659	195
636	263
579	523
654	555
594	376
503	286
238	200
404	167
208	85
324	236
224	179
253	130
600	239
152	140
588	61
698	15
454	230
604	184
209	53
288	268
690	670
535	217
165	146
675	213
556	551
548	298
495	196
677	246
381	122
642	412
438	82
483	317
662	138
523	376
645	429
331	213
487	145
87	14
665	388
497	180
375	20
433	333
614	501
497	286
382	316
560	337
262	46
580	579
543	17
686	680
576	209
673	230
660	254
512	48
204	107
469	455
150	133
455	24
246	35
262	30
481	96
168	122
676	249
328	62
488	22
360	188
653	616
604	552
652	156
141	108
643	348
630	405
458	162
406	195
542	402
627	105
635	409
607	394
171	69
628	13
103	24
585	551
443	39
359	310
484	77
527	411
462	349
654	545
582	74
591	105
694	245
88	79
419	331
448	282
487	461
532	437
279	224
363	29
394	230
614	321
294	79
280	176
103	42
613	555
402	88
611	596
376	313
481	405
684	349
447	264
626	327
176	159
541	75
644	131
666	586
588	213
628	475
105	81
296	81
261	140
541	230
639	388
87	47
611	0
165	45
680	249
527	83
457	47
422	18
352	171
362	333
338	286
699	449
674	354
400	61
376	322
570	186
673	407
499	472
660	158
690	664
396	180
201	80
433	106
81	52
651	243
613	316
26	15
506	8
578	296
167	10
668	441
345	321
560	555
168	15
594	125
568	446
519	180
520	143
608	226
492	209
401	120
538	513
610	466
408	368
323	241
251	194
425	0
507	402
683	204
679	64
597	35
566	437
425	108
193	146
482	238
371	8
401	106
458	258
521	425
534	283
601	132
651	151
529	430
290	98
290	163
544	529
487	156
582	375
392	143
432	94
186	73
477	249
665	560
407	5
375	287
54	17
601	446
276	190
529	191
513	57
533	98
246	127
202	92
283	28
350	101
682	274
416	236
480	186
547	326
314	183
590	235
485	17
326	119
446	297
121	99
582	311
230	222
634	95
668	34
601	398
444	358
390	222
289	202
611	40
628	0
645	85
572	314
14	3
668	143
691	636
485	379
7	3
523	208
236	203
658	622
595	535
675	264
506	322
320	118
640	423
500	444
607	397
578	331
622	267
397	237
695	23
525	350
504	253
411	204
663	345
500	28
240	167
558	545
686	174
546	74
676	617
594	490
581	180
308	253
488	71
692	459
565	505
537	340
557	460
627	286
631	227
437	89
260	3
466	353
412	301
672	318
334	105
650	496
333	142
518	34
481	332
450	95
387	62
532	528
309	292
699	348
245	58
226	124
317	26
669	238
622	23
583	525
538	412
659	371
272	192
648	262
316	62
646	308
581	52
686	241
493	123
539	377
682	32
140	91
311	243
200	54
358	74
309	83
532	301
612	451
650	536
687	544
274	87
505	325
267	199
324	110
359	61
377	47
444	407
126	64
614	88
317	236
331	84
156	73
533	331
224	93
504	422
539	271
246	215
324	116
254	42
461	56
214	44
155	25
394	275
426	52
554	218
246	200
690	314
476	446
550	258
396	395
486	150
529	473
522	108
562	256
337	200
460	42
469	199
697	10
631	209
584	391
680	679
584	536
366	40
660	515
194	175
538	49
392	45
614	246
669	229
693	102
639	69
663	329
436	12
532	66
363	12
19	15
416	10
354	253
689	201
533	76
406	355
363	42
586	383
662	362
638	147
518	227
470	152
646	210
416	262
444	237
247	179
405	399
347	156
626	38
531	230
684	135
356	3
614	520
84	60
671	310
258	256
612	65
338	64
540	236
598	411
592	322
240	230
589	173
359	55
249	76
660	97
252	31
636	508
584	256
494	244
388	107
518	145
632	140
404	186
649	137
546	103
637	421
336	80
534	344
471	65
676	528
173	137
608	399
335	139
428	408
234	182
650	189
308	88
645	141
535	127
666	541
313	43
375	130
641	395
266	22
546	141
554	469
596	564
519	348
634	207
377	358
604	345
145	134
425	235
141	61
518	388
401	129
696	157
466	350
594	151
591	519
388	316
614	495
382	286
126	94
361	12
668	333
531	372
430	277
666	276
410	112
299	77
366	95
606	578
455	422
403	263
392	288
421	361
365	253
388	331
68	19
639	632
699	516
680	4
376	99
642	512
237	91
655	566
447	146
592	20
367	59
574	31
588	243
481	132
289	41
525	328
633	417
417	346
632	104
439	67
544	188
503	248
186	65
435	71
491	232
356	194
414	307
529	302
164	19
556	27
299	192
641	426
610	232
643	488
573	149
25	14
697	484
527	464
532	352
698	56
405	310
481	166
491	129
414	412
658	138
164	93
696	337
441	85
481	82
237	142
677	380
103	96
367	296
693	682
557	47
295	223
659	209
63	51
596	348
164	102
677	474
242	74
423	280
48	17
647	495
246	92
367	333
619	450
375	269
571	138
416	248
524	171
536	305
545	407
546	10
308	264
507	14
418	231
273	51
586	259
528	349
615	105
367	119
389	75
335	20
445	415
255	9
690	358
354	8
517	92
680	283
438	294
693	77
162	88
183	167
622	50
277	123
478	224
601	563
395	111
571	374
384	124
507	156
695	190
352	163
400	89
543	379
274	20
430	352
189	69
653	175
288	260
386	167
624	76
653	386
610	587
363	267
660	108
86	5
383	233
492	64
414	384
456	266
602	511
483	96
317	55
626	591
499	311
592	352
530	271
602	218
546	172
429	297
536	102
628	233
622	66
333	179
250	109
532	133
622	204
362	358
566	412
591	281
522	349
560	85
338	39
659	562
407	194
387	358
318	294
658	72
543	452
400	88
661	483
66	0
683	365
544	528
327	157
684	513
311	215
593	168
141	77
636	230
655	263
293	274
669	271
219	59
608	468
622	27
498	270
233	192
397	316
497	214
613	44
698	148
613	15
499	323
695	533
696	127
591	56
474	204
491	490
433	342
573	375
158	142
484	408
356	341
120	58
357	71
308	272
268	251
396	76
626	181
362	163
480	365
378	234
619	156
698	552
355	158
673	610
401	131
245	142
449	425
500	212
493	248
325	249
127	42
301	180
518	137
520	91
462	283
497	76
282	274
512	87
542	19
534	24
323	309
457	390
557	360
532	531
562	235
326	100
513	189
677	646
563	29
268	5
129	111
643	495
482	193
579	559
217	189
208	131
420	241
70	19
529	403
322	156
426	390
208	167
428	72
535	279
275	234
422	23
512	503
417	175
95	29
596	162
696	288
442	244
310	172
592	52
284	114
100	14
608	15
628	443
499	287
387	306
167	70
560	408
290	198
305	46
653	400
348	178
386	282
389	176
407	243
415	85
322	274
451	74
697	6
179	173
696	1
195	5
405	91
254	251
306	127
353	263
650	169
636	115
454	385
581	218
600	474
438	105
623	333
601	127
437	323
194	137
377	91
293	284
186	99
335	79
578	316
469	290
387	274
413	397
432	130
322	47
325	241
490	287
691	196
68	9
364	113
533	158
395	5
437	3
485	21
361	52
455	177
643	147
296	164
430	150
310	20
499	433
331	138
189	141
522	265
685	331
667	128
293	188
369	317
283	187
585	300
597	315
508	395
193	187
637	471
625	37
533	102
535	290
553	328
693	225
614	301
590	432
563	499
250	227
199	22
24	23
166	9
609	342
229	30
567	131
497	408
471	348
645	535
698	548
290	260
394	224
547	409
642	601
547	10
630	223
608	258
675	511
356	32
617	329
422	362
623	271
685	73
439	122
530	150
439	421
431	421
455	266
240	234
486	255
553	165
674	506
444	224
410	391
631	219
221	174
315	86
477	62
576	170
528	251
498	452
694	296
672	361
548	158
401	228
529	54
601	503
309	307
549	530
661	537
254	200
280	170
259	52
314	29
469	361
631	566
495	437
662	410
314	248
584	399
228	226
612	522
610	236
199	84
263	159
317	68
697	609
426	144
585	421
569	74
424	8
503	191
75	16
691	477
582	219
254	132
501	103
618	71
625	7
588	478
660	392
289	237
388	250
427	66
582	223
311	37
337	316
104	0
663	246
692	326
437	256
327	290
389	8
530	243
423	254
579	313
404	144
249	36
316	187
660	240
644	98
454	399
286	180
488	262
530	300
549	277
671	173
673	147
389	312
465	448
628	414
515	474
244	29
564	154
211	1
547	195
445	191
572	537
175	48
527	301
611	608
633	430
582	561
405	403
318	64
561	419
528	407
601	494
394	182
617	500
488	101
385	383
648	611
654	176
342	232
328	112
447	153
637	630
682	448
360	344
580	535
680	525
226	216
670	245
178	172
512	144
483	249
210	54
237	117
211	6
427	358
444	48
654	532
529	397
447	273
478	353
366	84
627	69
374	137
259	115
599	196
205	140
403	258
608	40
155	20
182	154
465	207
462	85
227	168
90	57
680	635
483	7
546	98
416	273
462	214
119	26
339	158
697	108
361	228
591	559
317	178
520	153
429	140
312	221
680	527
517	40
621	369
585	409
461	301
501	164
253	112
559	154
636	226
472	94
397	294
411	241
382	42
540	359
388	315
463	166
175	146
207	84
609	363
581	73
520	308
358	323
699	549
519	144
283	10
475	319
97	26
173	153
660	345
498	208
516	437
116	18
671	196
641	107
699	623
511	62
443	304
598	49
536	109
551	141
303	1
540	513
613	563
534	206
617	334
126	1
680	197
473	391
317	257
564	299
583	299
510	502
413	216
666	357
238	156
451	3
572	426
465	431
307	250
274	215
695	562
364	58
653	97
365	36
77	43
256	167
691	242
375	174
470	326
199	106
325	19
452	169
655	420
599	76
259	222
519	129
441	365
178	148
531	378
130	104
537	115
631	16
528	506
672	311
219	124
682	8
377	195
48	5
272	160
370	297
560	174
564	464
317	30
673	563
530	516
352	292
525	401
683	142
286	202
544	260
665	283
604	469
344	287
584	499
643	161
672	603
628	523
671	551
527	418
681	373
179	102
290	57
628	361
601	352
554	390
610	393
245	222
528	133
235	173
463	183
611	147
448	46
530	222
622	260
498	433
398	342
365	240
636	625
497	421
657	411
252	182
372	219
459	410
529	376
422	163
672	167
680	222
368	237
579	74
665	15
217	153
138	86
205	21
490	150
531	80
322	51
524	254
485	159
246	10
607	503
440	171
669	275
165	133
338	203
462	419
395	272
501	190
249	200
517	514
546	88
578	553
344	232
576	80
691	199
258	114
232	15
599	446
495	324
527	262
558	347
517	220
504	229
682	445
570	166
444	73
390	175
352	149
349	84
654	574
520	377
191	161
448	363
498	401
423	277
159	88
295	266
511	385
146	55
413	360
456	109
122	84
600	389
605	381
440	238
295	152
550	505
289	182
434	306
202	144
280	29
470	40
546	302
494	180
651	241
462	216
562	517
298	292
655	544
499	52
433	332
501	263
642	37
433	177
212	118
533	478
446	34
611	149
380	99
252	250
670	73
615	568
6	5
616	349
504	341
534	326
682	316
136	105
501	227
134	120
329	213
137	29
562	114
187	140
380	37
459	335
365	165
593	193
547	377
663	615
184	71
229	128
623	318
598	386
600	273
575	522
256	9
651	616
574	35
641	634
165	2
442	194
591	391
593	253
515	310
491	218
319	132
139	70
680	232
421	175
72	52
523	288
66	11
588	205
203	191
329	31
433	54
664	231
599	499
526	36
240	156
314	192
606	564
165	138
427	254
358	174
499	290
147	133
578	255
695	366
589	479
494	403
475	2
414	320
658	163
321	81
491	160
679	504
663	85
660	477
513	313
607	603
632	421
627	129
463	30
495	271
640	399
230	172
577	18
546	328
684	144
456	121
610	468
618	288
626	594
638	480
573	96
646	143
254	9
445	444
492	0
647	302
273	143
628	545
116	1
417	158
549	385
600	69
443	379
355	301
512	276
188	124
637	491
540	297
562	104
474	67
658	353
594	24
678	321
437	328
591	581
372	294
405	247
293	172
510	491
629	20
561	112
658	612
678	511
599	539
136	70
689	621
631	3
344	26
546	9
597	217
686	355
202	26
592	469
300	1
571	319
391	196
295	102
489	258
591	409
456	5
423	198
351	85
595	151
453	27
162	67
368	324
57	10
604	467
313	243
633	170
650	131
226	98
342	57
387	114
664	106
286	185
633	90
377	12
483	89
207	40
174	30
699	268
549	316
404	360
119	54
410	258
597	355
421	230
336	171
337	207
592	392
474	155
667	94
566	249
335	288
675	114
147	60
191	145
557	437
476	134
451	113
170	20
540	183
682	309
698	166
609	463
588	278
544	359
282	112
199	99
475	267
150	20
249	154
647	491
680	450
217	73
657	381
364	165
635	398
199	117
358	201
348	188
493	475
595	255
588	63
682	123
211	178
223	11
287	200
685	355
543	434
394	390
640	447
421	263
430	19
344	289
652	328
617	48
428	33
315	289
528	192
140	135
509	19
639	529
578	80
332	315
427	186
393	171
348	20
295	199
420	238
571	172
301	76
651	396
498	444
522	27
451	245
354	37
346	43
275	105
397	46
531	190
436	174
558	184
497	414
373	83
699	296
676	177
287	138
502	206
589	580
360	133
680	162
417	184
635	196
631	619
680	406
393	106
682	652
548	484
144	3
331	199
206	101
424	222
450	164
164	143
554	485
589	106
392	10
599	575
572	250
185	49
659	354
442	299
693	140
643	581
454	175
649	335
537	504
209	151
161	84
206	92
203	74
320	273
684	171
342	315
411	248
455	332
271	8
634	289
595	32
497	467
491	368
677	216
603	476
661	416
538	203
242	31
634	151
343	309
434	57
529	392
570	87
264	1
122	37
686	169
488	460
573	394
394	92
659	100
369	251
663	269
690	126
606	330
525	472
665	464
657	626
623	108
80	14
43	15
507	64
482	158
570	275
602	336
445	161
529	252
676	671
461	188
355	256
440	74
322	63
284	229
668	586
630	553
113	106
363	309
500	445
530	186
122	1
643	438
600	344
520	480
401	57
512	36
654	247
518	128
665	470
401	7
664	154
512	34
662	380
456	441
629	419
642	172
685	113
381	82
599	365
462	230
540	254
240	52
382	161
549	496
593	115
372	352
625	152
606	523
507	207
182	63
246	112
188	104
395	252
457	289
460	346
476	469
279	257
80	20
552	392
408	302
444	431
647	48
282	252
499	181
663	10
677	375
500	415
686	213
631	288
684	424
486	104
340	201
245	210
301	43
597	143
277	179
209	161
348	25
338	184
127	49
602	146
510	90
566	324
682	56
694	500
345	74
408	184
622	184
530	181
375	295
548	432
651	474
386	381
544	479
260	193
635	615
368	114
644	381
575	136
667	294
194	188
330	24
483	412
243	162
416	107
360	147
237	33
529	490
226	42
442	393
521	295
393	141
355	153
630	270
488	107
51	0
331	254
69	20
442	0
91	36
251	230
637	312
182	109
530	289
416	41
606	92
669	265
555	352
658	114
370	141
528	391
562	392
699	672
546	222
83	78
415	5
576	161
522	258
279	111
599	580
645	240
174	28
649	203
158	85
577	432
562	141
553	267
670	513
171	115
117	84
584	496
482	305
668	181
390	296
498	490
555	12
628	486
493	208
230	22
575	375
539	44
629	554
645	428
622	423
676	186
109	90
577	519
439	48
474	329
505	410
66	61
199	151
697	218
491	442
667	107
565	176
325	55
504	498
460	37
220	84
525	179
255	199
523	437
170	100
221	164
423	13
630	85
565	351
509	417
173	29
551	333
223	80
672	416
675	302
643	361
44	31
496	292
538	50
357	109
603	255
562	543
280	60
691	662
318	316
553	398
697	536
658	531
585	124
407	213
458	239
623	604
308	130
429	163
522	96
569	314
316	100
599	273
363	224
479	99
329	26
414	404
654	495
480	110
626	244
444	196
284	145
551	60
215	195
607	106
222	7
442	267
423	259
618	309
571	433
464	374
537	200
516	185
694	67
650	254
646	440
584	102
616	584
456	155
672	189
403	47
555	51
504	155
286	20
542	275
450	8
623	290
636	511
434	277
469	157
468	329
646	51
598	8
437	93
612	472
420	291
504	314
464	120
601	7
124	110
522	512
425	211
101	91
228	203
540	389
697	211
589	40
620	412
250	247
663	121
360	204
192	181
620	420
699	371
690	527
139	95
370	347
448	124
697	620
680	385
346	330
607	18
520	103
496	253
624	292
180	2
535	237
118	85
613	573
630	374
594	359
545	465
663	478
256	78
697	389
375	352
516	289
408	39
381	357
308	296
423	362
489	221
510	315
478	168
231	100
277	101
255	166
690	48
36	11
515	355
274	117
590	231
562	140
389	116
288	28
113	19
100	69
290	80
638	123
522	188
517	302
604	200
586	249
581	275
289	219
275	181
615	85
509	292
378	279
232	87
460	142
667	64
681	8
592	488
548	254
692	52
683	357
428	167
174	1
235	220
401	175
655	10
413	257
550	535
184	176
696	60
555	476
626	37
665	611
685	551
640	304
585	64
591	224
419	90
335	223
657	132
623	445
292	161
529	274
607	589
667	337
496	115
399	108
654	122
575	392
432	150
307	2
156	91
468	88
624	158
567	240
391	219
339	43
236	19
334	161
250	123
559	214
565	95
493	423
176	154
189	87
446	74
655	80
394	388
212	55
610	382
560	434
481	370
556	6
575	281
539	176
182	155
192	163
601	18
407	30
485	33
365	163
248	136
291	243
182	52
98	29
473	2
609	445
494	182
527	288
615	447
624	6
562	10
475	53
212	122
303	36
343	178
532	84
499	368
550	276
361	309
575	414
644	524
687	680
248	103
530	206
493	330
628	341
643	360
513	45
598	191
581	67
583	547
312	4
696	166
319	229
192	53
201	100
370	232
520	298
584	126
493	419
616	436
402	129
225	116
218	57
678	490
630	218
143	60
476	407
503	178
242	225
560	318
593	33
493	134
452	5
528	35
504	295
205	32
557	237
609	71
620	488
391	147
320	191
183	115
580	115
120	56
640	154
684	49
618	433
557	509
334	136
437	156
308	7
674	418
511	296
539	294
589	229
667	37
50	44
691	160
443	47
608	277
339	205
341	255
321	210
525	405
639	600
673	374
241	156
236	11
617	419
391	385
358	89
471	52
504	222
343	326
153	143
613	140
650	83
614	370
684	336
348	196
697	640
305	162
362	62
617	581
660	101
535	513
515	343
678	439
425	284
314	217
562	54
508	24
561	478
239	183
635	536
198	173
621	117
566	40
461	352
551	200
603	48
338	165
349	5
260	206
383	36
331	128
252	54
599	292
225	167
364	226
545	63
542	441
642	337
203	91
601	273
151	126
326	15
378	17
467	47
503	144
320	224
534	234
436	165
645	411
314	135
159	60
584	383
516	95
572	99
671	645
570	28
112	60
574	249
527	187
454	173
432	322
461	46
420	89
458	127
668	207
678	118
460	182
570	137
655	119
486	216
655	341
262	222
508	34
571	157
304	196
508	332
209	106
591	172
383	357
666	410
472	91
136	18
251	111
458	133
230	143
620	617
518	41
360	269
441	403
589	70
377	184
520	427
593	450
445	119
507	213
474	129
431	347
644	622
669	367
311	209
500	185
628	169
418	79
618	419
532	150
551	423
376	147
463	248
623	195
522	89
670	20
444	205
378	330
523	14
356	174
584	305
391	270
428	99
665	431
270	164
610	442
545	532
467	281
483	406
367	251
449	48
645	484
637	570
674	489
673	280
468	124
622	64
522	303
628	470
168	127
691	324
302	96
695	330
336	301
470	354
608	281
188	4
502	31
446	383
453	182
465	365
654	600
665	119
399	53
252	207
612	218
591	0
427	215
622	468
551	342
698	317
199	6
614	429
655	305
178	32
587	503
313	144
394	366
327	152
188	16
186	30
678	648
451	71
663	273
343	229
407	302
475	386
190	115
353	59
163	118
404	282
447	300
533	175
346	9
427	136
405	262
339	112
554	377
420	249
517	506
582	185
169	124
422	177
681	355
207	202
25	5
126	87
271	31
649	280
530	175
611	157
684	91
194	32
463	206
571	348
486	57
564	199
417	28
348	32
217	156
486	55
527	263
276	64
560	82
180	173
218	145
499	80
384	302
544	268
624	382
506	353
584	434
406	135
145	50
432	420
520	80
453	296
656	554
642	630
309	144
548	321
537	409
496	309
339	265
667	342
359	285
663	368
178	11
268	29
344	87
551	74
372	72
609	317
649	348
262	0
162	132
639	150
582	426
208	140
645	50
647	119
584	423
356	322
510	359
237	205
524	450
528	221
442	73
375	256
339	52
425	349
469	3
360	25
527	325
637	489
591	84
474	22
381	249
632	195
315	78
256	136
541	475
695	594
665	555
585	544
547	490
295	221
672	651
681	629
643	601
466	13
526	406
485	336
505	90
397	112
642	244
158	39
469	23
513	233
439	237
280	108
478	199
662	397
680	628
535	454
468	119
363	15
222	36
695	171
585	123
337	336
551	233
299	69
206	61
520	504
274	155
349	79
587	172
155	138
653	208
695	513
612	49
641	106
671	280
297	157
132	115
608	561
591	554
618	612
623	78
496	8
448	43
390	363
674	449
328	55
128	105
458	255
274	65
463	95
562	527
505	317
522	361
543	9
697	631
655	116
530	453
316	31
203	24
622	562
569	129
618	407
558	242
533	196
367	1
213	212
640	94
461	174
420	343
335	249
465	346
529	470
521	234
552	364
489	253
293	186
405	388
636	295
459	413
549	220
548	353
622	329
428	191
506	6
578	481
256	23
272	212
534	269
569	209
169	114
586	33
466	104
393	90
600	396
518	118
540	187
657	189
389	111
526	71
295	220
550	457
585	182
614	71
685	80
450	447
476	33
345	66
144	8
26	24
693	637
613	372
662	416
94	49
410	82
608	574
643	264
527	111
586	179
423	155
649	646
634	325
546	481
521	165
494	145
574	135
601	326
493	313
495	33
194	111
110	4
145	41
661	634
658	290
661	184
394	352
593	39
679	373
691	304
606	211
579	358
474	58
490	185
619	351
532	47
472	90
473	337
501	9
409	44
661	130
516	138
166	93
314	69
214	95
102	62
699	156
533	89
459	20
456	322
329	239
344	15
417	80
194	167
363	233
277	34
597	59
658	425
695	82
598	114
482	163
190	80
440	41
637	267
410	397
425	422
648	526
216	154
697	20
250	78
173	34
491	248
432	299
371	10
652	500
536	95
580	26
510	113
600	461
657	75
516	74
640	161
355	235
385	111
427	387
601	560
354	244
612	20
135	39
672	548
520	461
322	245
607	140
666	431
391	343
544	351
240	157
338	272
686	285
657	248
699	646
521	151
633	233
299	56
506	337
475	237
462	257
523	107
643	128
661	202
288	118
586	556
662	370
675	638
430	10
535	293
380	341
515	38
650	511
403	329
365	352
82	18
574	206
498	119
441	40
308	179
629	242
397	354
524	240
268	113
575	16
601	21
99	6
265	57
463	106
652	340
315	81
535	183
348	60
643	69
373	90
516	156
250	16
152	2
457	1
171	125
280	97
556	171
518	103
567	196
635	471
577	571
487	98
668	314
290	44
676	52
305	92
297	184
353	134
434	103
443	19
564	460
613	119
283	244
435	409
375	85
183	158
612	168
462	63
221	89
657	220
648	157
488	160
589	120
697	193
422	262
571	61
260	2
365	34
350	168
372	149
464	454
199	21
510	373
172	111
534	487
187	157
362	84
84	30
613	376
652	618
574	314
664	168
435	385
166	35
511	491
511	473
657	320
380	324
576	404
567	513
466	91
149	50
652	481
431	353
376	102
508	72
634	456
216	50
676	160
368	282
449	290
583	558
479	462
543	296
378	367
249	180
487	149
602	349
558	154
46	6
476	125
683	519
332	308
487	246
360	86
527	465
632	295
400	199
389	140
545	448
237	72
498	60
543	522
479	431
404	299
523	86
682	573
91	37
653	406
450	323
558	387
178	54
205	85
533	197
639	132
511	368
366	137
610	269
472	157
275	176
386	235
652	568
70	66
396	165
230	210
250	140
407	329
650	34
203	64
464	357
618	199
373	142
484	468
527	219
427	137
141	54
324	160
427	30
364	72
516	352
503	180
566	431
491	449
631	258
656	32
178	94
334	11
637	576
137	5
498	34
693	582
385	289
144	43
568	156
528	389
677	6
383	306
470	384
646	97
696	581
108	59
603	151
645	284
514	69
482	145
67	2
682	204
75	54
366	248
489	89
699	607
601	358
653	385
697	529
242	139
672	627
98	40
680	431
550	361
563	57
651	573
513	46
365	296
635	151
279	198
474	113
203	87
453	224
502	443
137	95
509	133
464	191
388	85
451	81
626	57
668	220
618	481
523	77
644	447
407	164
657	550
308	101
553	163
501	319
419	242
557	367
536	368
457	393
537	298
589	454
494	169
536	457
668	225
688	153
626	445
453	244
623	518
548	280
380	364
311	276
698	611
608	414
569	401
535	394
380	223
655	213
350	155
478	82
563	531
336	308
683	252
99	80
429	64
359	65
667	90
489	72
679	201
437	334
699	43
462	174
381	129
642	104
535	479
541	195
691	267
447	308
183	182
373	327
409	397
585	504
638	341
55	32
414	247
102	88
602	587
455	191
691	103
273	79
562	501
681	110
292	272
519	42
455	162
287	131
440	429
278	136
676	58
509	103
594	124
293	141
565	66
468	443
525	216
445	25
221	121
287	164
646	82
338	313
140	0
488	44
635	486
436	181
478	402
553	144
585	571
149	58
628	551
337	0
538	242
461	142
651	204
288	235
460	230
312	226
484	343
572	159
664	350
457	179
389	108
287	141
347	243
676	314
389	174
358	92
166	84
530	66
538	107
353	53
692	233
402	52
522	135
622	127
338	288
616	15
480	408
688	255
694	550
607	384
266	204
670	307
478	267
515	247
428	283
572	521
292	270
206	178
389	279
335	176
598	324
635	357
413	271
566	211
406	151
202	101
698	477
548	390
681	29
579	472
337	210
614	476
179	8
466	296
538	438
430	293
605	526
653	242
309	248
259	3
612	241
576	566
697	685
544	397
240	76
205	102
368	223
609	416
672	452
556	38
580	119
212	140
522	368
638	226
428	349
236	180
464	256
208	184
588	232
688	493
598	104
242	173
654	493
102	99
636	429
98	72
410	322
220	71
218	178
66	20
376	240
686	582
517	185
680	330
383	296
643	240
569	546
658	275
235	217
568	108
512	244
301	163
189	79
611	7
397	108
652	300
55	20
265	126
643	176
395	40
363	162
398	73
296	0
346	81
429	309
523	239
159	136
546	59
480	263
488	282
497	468
559	373
672	79
342	200
242	44
582	55
322	241
598	326
271	257
463	78
692	204
587	24
280	89
232	106
658	533
487	16
448	255
464	320
344	66
235	8
499	211
417	322
578	31
390	168
366	194
608	467
678	54
614	100
501	350
435	356
626	345
605	175
612	259
693	671
239	204
316	39
278	10
687	371
575	461
696	286
467	309
586	364
537	501
459	397
519	220
596	192
600	598
302	115
584	578
449	210
339	21
315	291
652	133
645	516
666	632
546	125
332	108
333	309
692	596
665	202
457	23
619	471
499	78
476	221
427	132
616	508
698	75
386	377
632	520
578	449
555	486
257	118
279	115
111	70
252	140
533	190
426	187
336	266
512	112
601	587
222	151
635	342
571	493
539	266
64	17
79	76
676	235
578	362
522	391
32	14
517	86
387	138
530	293
598	319
395	242
105	46
494	238
169	90
362	68
689	153
647	343
662	107
409	287
297	140
192	157
614	328
224	218
633	317
423	370
531	312
446	122
605	533
444	148
500	134
447	227
698	276
632	142
470	314
287	109
221	116
441	115
565	499
688	685
690	12
698	93
550	20
88	80
523	4
388	94
493	450
455	330
676	637
178	142
552	321
571	270
590	222
427	64
217	152
651	253
415	122
296	120
520	119
522	308
406	275
604	77
279	8
445	151
501	378
510	24
695	492
682	233
656	318
548	151
524	50
617	86
499	404
426	347
592	219
475	122
674	478
583	42
468	313
511	355
584	366
185	27
441	175
527	297
523	499
674	63
618	76
319	247
693	430
672	488
623	107
610	271
685	424
655	400
584	432
619	116
541	330
217	36
672	583
551	225
637	285
352	62
511	329
312	259
511	334
384	151
300	117
473	82
156	128
534	295
390	33
590	138
425	312
629	298
136	48
204	47
623	176
599	199
530	375
630	268
228	67
672	168
676	434
606	289
564	272
604	385
528	114
612	392
670	136
616	534
301	245
497	411
616	92
419	295
370	69
473	156
584	114
607	279
638	251
665	61
552	334
623	201
667	33
153	49
539	227
487	131
436	408
545	234
399	328
476	280
437	87
401	37
660	597
408	9
670	369
577	513
308	244
499	155
487	444
327	117
545	355
511	297
652	364
359	332
497	163
440	368
410	10
662	321
662	609
265	23
500	257
454	183
377	114
560	242
421	68
582	365
594	209
260	39
468	447
304	172
534	168
400	141
445	388
604	206
426	125
382	71
673	114
587	302
670	473
363	106
332	177
472	42
509	367
663	33
546	3
263	232
136	6
699	383
683	384
362	360
492	228
616	149
60	47
468	108
620	342
644	500
563	303
162	58
449	303
691	525
495	229
695	585
511	347
326	150
86	72
475	30
429	383
88	4
222	52
645	340
290	286
425	95
614	585
115	100
157	16
209	69
616	577
518	84
448	288
634	54
598	541
125	32
640	108
123	111
448	377
367	3
391	335
276	152
427	234
475	226
464	168
477	388
698	539
354	12
562	84
517	337
623	367
255	51
306	253
668	389
350	281
169	2
449	82
503	493
359	62
463	33
421	338
416	372
305	137
337	327
272	4
470	430
561	20
696	415
445	203
551	254
636	238
635	372
544	27
495	12
466	459
610	165
457	336
182	3
320	259
426	74
671	402
407	166
530	344
313	58
665	451
572	434
318	210
461	243
659	71
571	378
603	373
692	535
327	79
329	86
503	250
609	407
651	465
493	404
649	597
685	544
678	580
502	161
427	417
476	340
665	397
407	112
621	493
485	393
315	277
697	188
443	125
606	160
660	648
476	271
582	465
453	76
227	108
658	11
492	150
676	107
571	526
591	574
466	237
621	327
442	148
636	128
653	433
603	111
374	155
274	25
386	146
647	194
491	97
486	146
419	302
656	108
697	356
486	474
564	82
691	274
413	176
601	476
239	156
589	321
494	200
523	475
227	215
520	85
179	112
354	190
551	485
513	39
686	23
669	193
400	177
672	67
549	42
185	65
660	37
693	338
486	247
555	430
158	18
151	62
330	166
630	300
625	428
636	92
186	175
468	378
346	203
347	167
641	541
357	6
593	577
609	182
283	264
596	380
598	328
81	74
284	130
389	11
589	519
421	386
458	65
307	270
458	299
348	75
582	496
379	172
523	405
271	260
555	143
327	156
604	404
572	169
631	370
409	408
341	274
451	257
641	550
353	79
419	176
477	253
310	47
600	594
657	269
241	9
311	69
553	438
370	108
517	488
254	224
584	397
213	140
671	297
434	6
327	255
375	3
679	224
456	165
527	386
42	27
559	385
373	357
426	152
553	36
415	174
675	443
684	461
522	287
481	341
350	288
537	513
668	83
626	299
455	172
262	133
399	73
516	266
386	223
126	61
650	221
554	549
570	251
681	437
595	574
604	152
108	7
237	186
406	378
465	31
222	127
649	511
626	163
485	333
553	520
590	461
464	242
466	243
539	29
401	23
468	212
385	157
352	316
461	31
499	388
572	17
670	506
669	141
447	193
204	50
536	7
669	137
614	446
439	217
631	215
527	357
494	212
688	561
575	44
684	404
199	119
555	301
586	219
308	188
571	114
382	82
295	76
609	348
590	392
49	30
662	57
344	83
510	375
378	102
442	419
95	0
660	579
655	202
521	510
637	183
335	197
480	147
587	345
450	45
572	540
308	158
445	372
91	3
364	238
689	60
591	317
371	360
365	227
629	174
504	83
555	131
441	352
641	612
441	94
617	175
212	64
490	7
338	209
623	267
626	296
475	400
320	104
207	93
388	301
582	15
532	358
546	463
294	158
437	346
454	244
619	91
601	195
328	238
565	263
296	220
678	338
527	437
533	43
256	1
562	400
655	337
619	15
366	339
273	50
443	241
498	327
496	231
596	480
526	212
673	172
508	334
537	218
467	323
438	230
449	316
304	4
685	398
441	383
550	385
349	295
351	152
526	434
403	198
427	346
465	12
638	401
683	677
466	113
658	234
566	204
680	108
169	159
293	150
261	35
315	130
469	367
487	295
201	126
322	314
677	645
624	550
267	88
315	123
303	147
215	101
334	172
679	543
682	645
604	351
629	284
495	221
489	176
492	319
405	54
598	7
414	177
401	159
465	34
398	188
668	305
669	605
497	75
530	433
679	60
317	249
639	621
571	393
594	110
340	278
450	27
655	557
155	11
538	166
580	233
41	10
561	553
314	222
150	99
221	145
213	208
584	338
557	354
503	256
352	278
442	190
553	221
374	36
689	231
692	626
608	33
502	423
692	560
210	96
496	257
446	143
656	527
558	360
361	23
303	71
265	28
216	174
598	537
402	116
358	118
352	190
603	363
655	408
618	119
42	20
619	317
574	165
484	68
524	392
627	531
279	214
652	561
205	174
296	11
335	11
382	266
697	86
327	30
478	336
649	242
482	248
546	505
635	128
648	608
72	6
361	14
508	70
412	244
529	45
534	358
214	191
679	405
624	576
55	41
593	568
611	375
640	13
586	526
484	118
456	453
607	97
617	37
571	273
585	110
412	282
56	22
637	449
686	346
410	408
527	320
609	106
321	28
595	571
695	48
685	507
491	354
317	49
530	16
624	112
552	427
406	180
607	80
41	27
612	557
374	319
269	242
661	469
81	31
674	210
99	24
323	189
495	202
643	224
686	2
168	84
650	419
575	446
117	53
500	354
533	95
673	260
456	163
624	375
275	24
466	114
408	73
587	343
481	170
598	19
185	149
391	40
696	663
244	156
601	218
674	543
573	167
319	185
650	155
359	179
118	22
580	13
276	199
359	237
699	686
471	130
489	303
625	154
462	241
366	41
680	636
565	128
313	168
524	59
468	238
463	198
442	160
550	450
693	537
289	31
511	105
676	130
327	223
617	462
332	273
102	0
391	142
528	481
651	315
363	160
651	50
249	69
611	57
505	209
284	193
560	416
475	460
612	277
646	119
385	101
617	87
684	373
456	218
241	24
237	183
321	119
530	45
649	587
457	190
605	601
411	278
453	103
234	10
536	256
290	67
529	358
537	76
447	313
531	87
272	32
690	617
228	151
364	29
676	610
282	209
292	157
606	176
603	265
383	282
550	546
518	247
205	72
438	109
348	208
500	283
603	10
485	252
658	501
254	212
604	243
646	326
578	39
480	157
427	277
664	595
345	276
99	52
185	124
303	25
671	423
395	257
28	13
501	284
431	311
645	478
692	424
209	67
552	297
394	287
481	296
353	49
420	113
694	311
580	149
694	598
655	114
529	432
499	59
495	446
678	1
540	72
688	531
363	239
567	209
399	185
636	586
694	353
450	352
567	478
470	117
658	130
175	27
582	137
560	437
286	35
504	181
683	579
621	69
415	163
699	439
364	330
468	211
320	65
655	562
396	344
311	168
694	136
418	402
173	59
569	6
523	267
668	470
697	244
564	507
468	58
274	264
451	161
551	461
391	339
528	318
697	350
432	123
625	141
633	632
175	76
457	16
426	36
635	11
440	244
622	358
483	133
204	23
337	14
519	352
678	621
308	47
442	93
484	235
602	209
605	6
597	296
568	308
639	309
672	138
577	358
564	75
482	445
658	325
486	248
271	16
171	100
609	3
276	62
616	336
592	119
479	86
233	200
391	93
371	227
684	345
679	578
610	147
686	84
527	395
249	170
614	258
180	164
308	214
464	142
369	193
342	152
561	496
209	56
425	96
592	280
450	123
680	461
575	324
275	264
546	404
595	140
467	184
519	486
337	13
401	235
626	151
644	303
398	383
399	132
552	216
439	201
113	86
670	116
669	497
462	434
344	194
51	30
342	187
674	277
538	505
162	80
156	120
692	651
626	491
369	117
77	11
505	195
496	65
539	503
603	56
534	405
530	527
653	497
585	201
644	40
551	15
556	46
601	29
668	79
556	75
506	24
386	93
557	299
81	76
289	24
609	193
367	69
684	626
623	46
650	439
678	5
267	145
414	407
653	205
584	321
687	212
537	415
364	188
647	201
540	169
583	185
533	324
656	404
633	536
421	113
696	680
414	260
27	23
372	369
552	18
361	235
215	115
124	36
508	123
304	261
338	140
644	238
663	47
617	75
23	3
387	165
415	125
636	441
396	64
534	423
556	526
640	489
515	470
372	235
521	7
675	504
627	112
482	141
430	404
604	378
84	45
563	248
249	135
283	81
691	7
557	145
264	203
405	360
248	239
641	284
687	85
503	358
686	491
570	376
569	154
186	76
593	419
639	334
521	5
575	224
464	164
523	323
152	54
699	302
595	8
341	52
633	459
683	303
541	151
226	99
555	168
621	229
275	102
591	196
465	41
375	136
588	415
457	409
383	203
517	52
545	166
682	306
137	59
481	115
451	311
313	108
560	236
128	60
78	8
690	362
518	329
395	163
496	88
625	132
690	109
554	7
615	368
370	287
404	147
688	228
609	382
501	153
598	310
627	52
418	289
455	71
85	9
592	407
315	162
223	90
462	165
580	385
286	254
657	405
359	185
585	550
199	189
651	393
568	287
522	340
691	296
578	446
392	287
624	350
370	137
524	142
510	96
174	75
473	78
505	427
203	98
609	485
567	203
612	556
661	67
406	212
343	218
595	474
494	132
506	398
252	181
439	399
271	50
319	226
533	236
626	317
366	9
433	184
437	435
361	266
500	184
561	383
526	126
268	145
592	122
495	40
181	34
620	321
632	602
549	271
557	258
256	22
296	211
239	116
685	269
528	338
539	40
632	477
367	55
562	167
396	386
290	108
515	153
445	18
558	65
479	322
668	535
569	355
519	431
391	225
338	225
457	102
502	123
467	210
440	106
380	313
580	425
584	373
349	9
565	26
637	103
493	368
476	195
493	253
417	177
620	480
618	241
441	188
499	191
684	96
201	79
304	45
339	243
681	253
481	120
560	210
386	296
566	486
472	443
699	365
591	237
533	4
628	609
620	365
677	544
409	27
475	250
647	82
185	144
672	481
448	118
447	43
410	373
620	588
469	95
409	148
698	648
321	319
366	108
584	150
529	40
490	216
666	185
337	185
684	24
571	430
570	455
513	166
582	170
435	428
643	46
570	146
577	43
71	23
225	38
472	111
265	156
188	137
489	209
69	3
464	100
651	29
672	230
288	213
88	85
153	1
594	309
673	499
309	232
547	53
628	105
449	209
442	178
380	300
191	56
624	559
639	191
373	345
478	232
528	230
498	390
52	24
492	254
334	183
540	364
600	484
622	607
636	574
344	291
359	253
374	54
457	271
649	339
212	186
159	150
511	76
452	221
696	321
642	560
543	241
661	607
73	22
685	504
424	411
382	313
480	453
238	116
323	13
384	273
616	541
311	289
293	84
682	98
344	192
542	524
623	19
486	370
589	132
585	166
635	99
642	279
653	85
545	282
576	137
505	153
470	338
432	220
275	161
511	185
432	126
633	613
316	301
478	138
100	29
75	41
505	105
606	589
489	449
576	124
636	40
508	8
357	236
593	251
299	274
250	216
643	342
506	414
647	294
271	157
55	11
98	30
540	126
348	284
424	319
270	92
379	208
614	375
235	158
519	113
315	273
559	70
264	120
311	116
427	290
693	266
624	543
556	497
258	209
673	635
273	262
319	95
391	308
444	258
467	301
658	148
320	28
600	276
546	20
262	91
244	210
116	68
422	96
543	65
347	139
461	430
445	376
217	11
668	614
277	120
668	358
530	320
366	171
640	535
220	3
678	505
605	224
584	504
262	161
245	139
665	91
269	161
256	13
658	53
569	497
530	158
483	456
573	170
495	445
699	368
642	557
597	3
123	10
611	242
689	651
639	465
417	89
516	501
686	354
686	175
345	134
698	650
571	300
613	455
686	203
318	280
597	440
419	131
679	281
546	378
421	254
361	5
254	87
631	9
543	300
699	620
450	417
141	130
456	285
578	451
461	136
655	252
685	493
672	379
414	303
684	502
469	126
316	26
692	557
644	218
611	28
510	419
181	72
591	429
319	72
507	452
126	74
298	224
301	297
514	84
514	18
657	339
634	581
504	366
476	11
171	83
623	550
516	186
579	524
631	188
271	224
619	24
645	149
643	93
497	16
581	84
670	497
308	121
670	158
583	363
678	478
381	348
468	233
487	222
225	3
647	414
254	36
249	166
581	477
626	548
331	24
384	308
642	89
627	17
536	31
574	103
362	209
349	3
595	74
388	33
661	12
349	178
355	74
678	512
616	486
313	99
319	162
538	204
274	199
607	426
485	182
297	231
467	185
225	7
500	350
445	317
512	272
564	126
416	164
363	328
291	177
699	76
375	351
445	204
590	183
595	420
673	470
642	520
580	25
686	379
650	371
174	21
662	615
668	240
459	419
579	281
484	288
487	349
646	392
585	164
636	213
333	60
523	132
526	231
609	583
275	229
347	195
689	603
466	30
536	339
666	559
577	474
546	213
418	297
450	431
463	398
133	36
218	104
196	7
684	654
269	9
499	469
318	253
85	19
369	157
565	41
195	92
339	258
181	94
225	80
504	488
545	163
629	223
502	25
350	233
413	364
517	207
581	261
695	75
519	453
586	132
124	108
288	60
696	527
409	282
376	163
670	340
673	275
292	151
549	84
119	116
327	126
109	94
293	68
343	2
625	386
462	65
264	71
562	101
558	223
135	50
579	95
368	41
87	60
188	61
556	532
458	407
368	241
439	318
545	506
90	41
173	91
563	119
353	190
458	44
507	422
463	169
306	176
438	71
676	322
349	144
270	257
657	502
626	577
370	283
645	134
641	150
576	247
582	1
246	29
623	394
332	316
402	257
529	399
651	379
655	565
379	142
494	185
558	273
591	480
409	259
521	259
325	274
393	246
326	23
325	86
482	439
694	546
419	97
628	204
678	397
328	254
412	217
578	194
667	23
652	632
284	21
371	49
518	181
573	249
239	180
62	39
673	222
385	313
534	495
279	76
655	231
645	556
503	40
512	319
459	124
199	91
266	57
297	132
572	165
474	429
237	144
640	556
587	449
658	64
367	266
581	69
284	205
341	300
450	233
375	180
299	106
260	49
361	6
335	331
682	278
619	289
397	250
449	281
496	354
409	13
228	180
432	403
241	50
663	601
571	117
439	55
291	205
431	106
495	248
566	402
558	106
540	140
573	210
630	51
278	29
243	77
692	472
255	57
431	306
440	123
675	144
655	348
582	499
599	384
649	169
618	214
611	276
171	169
536	191
557	183
270	68
640	454
338	126
224	140
559	157
680	52
559	460
682	454
549	197
615	459
264	225
140	97
113	59
285	149
360	254
447	10
414	272
693	436
194	183
663	96
558	342
385	57
577	327
302	24
458	287
624	7
577	420
650	395
358	60
610	445
668	325
433	80
487	336
357	117
284	6
454	216
107	71
420	59
656	322
567	136
584	258
635	405
443	150
680	117
655	258
694	239
422	10
98	23
348	57
26	4
348	323
666	389
598	124
320	274
505	444
365	24
370	16
614	431
588	509
199	80
361	68
658	541
469	209
647	644
406	308
371	177
625	4
353	254
509	196
561	110
583	63
465	46
679	663
213	104
531	523
671	129
198	112
548	123
529	30
568	195
426	23
640	45
608	336
649	302
125	38
461	199
558	487
593	492
250	99
537	43
433	148
438	188
596	499
526	492
238	37
439	330
358	224
500	474
416	166
441	386
270	218
621	591
412	276
346	335
146	96
428	427
613	42
686	622
399	97
456	290
696	32
398	283
649	40
401	354
274	216
614	222
541	148
454	140
499	398
440	348
587	558
192	70
619	496
435	44
211	49
559	321
526	187
622	171
548	366
560	517
509	195
363	11
429	237
96	76
472	456
323	61
626	417
424	354
192	110
496	323
420	80
380	321
607	314
601	559
254	55
403	104
699	561
643	399
553	212
677	457
692	254
410	129
143	58
487	350
656	613
582	12
396	153
645	518
269	53
232	174
449	86
696	211
691	355
448	411
484	155
395	134
401	246
330	89
564	427
651	398
202	147
553	225
368	81
268	34
666	178
590	491
282	214
245	147
666	434
658	548
647	540
571	97
452	396
598	17
466	406
106	21
397	285
518	33
606	114
455	258
536	417
611	99
398	261
345	184
377	160
526	210
649	65
669	204
601	17
231	146
594	269
180	177
675	189
105	27
689	239
559	532
237	86
17	15
524	488
574	344
655	156
273	245
485	106
638	519
563	152
193	188
464	5
697	528
675	365
372	292
456	39
612	158
282	94
564	315
678	155
353	47
637	179
344	120
521	418
638	327
535	153
361	108
343	157
699	367
645	385
636	557
132	20
420	341
393	252
593	288
462	418
442	152
495	143
439	206
401	4
482	109
545	233
577	495
561	32
695	31
246	114
427	363
398	2
539	109
261	129
686	306
449	240
486	277
142	116
548	356
617	259
375	43
324	64
589	56
196	166
37	3
450	236
448	26
359	163
669	488
353	186
290	142
513	389
537	259
497	289
659	69
528	74
638	504
668	186
473	44
685	251
637	273
128	81
470	409
668	501
382	225
561	148
391	32
68	26
515	240
576	446
343	139
500	323
632	39
560	4
502	461
694	502
417	192
682	441
498	219
572	312
611	345
316	202
554	129
474	250
295	55
524	15
678	520
295	78
220	1
74	38
194	56
486	376
363	301
456	181
541	10
674	481
491	18
642	376
638	269
609	373
583	147
366	46
346	326
598	6
254	176
462	354
436	155
613	177
699	572
572	502
564	30
591	433
381	98
669	183
664	113
494	206
275	165
696	346
605	535
353	310
635	230
548	406
439	382
674	648
222	77
368	185
318	211
473	465
421	65
567	107
276	55
454	349
209	75
631	615
164	62
498	127
613	306
221	49
654	157
414	410
567	551
173	144
213	92
639	36
623	428
671	539
176	112
529	231
577	54
370	11
589	289
199	41
622	14
658	24
404	118
208	86
411	322
492	468
513	299
186	163
381	337
185	37
232	3
170	117
169	103
470	15
335	231
534	124
343	251
635	383
614	30
372	8
510	317
435	210
420	338
690	426
605	158
257	57
305	85
405	42
391	141
410	101
413	251
622	494
429	225
688	311
576	200
370	93
367	146
256	231
685	225
451	369
546	418
654	128
633	369
660	286
670	128
332	34
361	187
170	111
548	493
621	523
409	295
550	520
474	327
647	431
666	379
539	81
640	396
629	582
665	142
201	116
110	39
304	122
209	204
572	148
540	94
636	467
655	120
677	229
219	184
199	105
684	172
642	130
620	242
107	66
609	123
183	104
590	406
294	257
381	72
630	108
468	149
488	4
462	271
402	209
426	1
685	149
168	92
456	6
587	92
496	235
516	261
686	429
514	390
407	26
478	304
263	60
641	508
478	445
349	148
610	363
680	170
574	388
246	60
389	249
481	389
612	426
622	386
224	84
235	21
693	336
691	689
561	73
235	27
683	647
317	193
663	148
372	269
648	310
617	110
528	526
339	99
523	453
537	407
620	105
310	192
264	258
670	581
318	298
463	409
120	70
545	78
566	281
371	351
505	210
576	199
215	112
376	360
580	476
609	543
192	156
617	187
552	384
590	58
592	546
294	242
405	52
234	33
197	101
642	304
447	137
578	160
602	52
277	259
521	269
685	380
473	450
429	38
223	1
197	24
608	182
515	336
591	64
534	478
501	323
280	153
298	39
215	61
347	322
332	68
694	112
693	287
215	173
439	390
434	170
320	85
403	371
202	71
697	579
359	139
349	28
595	511
376	359
323	88
383	365
580	193
641	184
699	262
699	594
441	83
625	135
178	27
392	364
234	38
449	101
662	377
655	53
663	200
591	457
679	26
525	457
690	9
473	151
126	84
413	402
177	102
481	191
680	128
609	132
324	211
378	227
618	534
687	146
451	285
590	45
674	283
602	335
593	529
287	218
678	459
236	151
545	90
472	268
330	147
658	430
455	427
489	273
382	254
600	228
65	33
270	98
555	78
77	65
298	13
360	262
674	242
385	323
620	517
677	408
654	32
642	392
207	21
421	332
630	2
466	385
362	174
564	155
331	324
279	278
379	7
499	393
559	256
619	337
680	317
454	327
544	127
302	15
482	179
324	72
650	56
497	36
386	119
145	65
412	53
495	41
375	371
613	313
609	549
317	289
281	87
518	117
450	81
638	1
546	339
252	199
649	244
379	165
661	364
429	324
294	270
645	8
535	68
388	157
407	307
653	235
659	374
157	4
647	444
591	336
491	102
636	176
688	439
646	475
629	549
654	239
58	30
653	589
442	234
570	360
345	309
687	474
546	2
687	84
636	55
648	529
686	625
623	82
486	239
543	364
287	201
661	344
642	312
668	494
457	454
154	87
643	589
480	223
291	199
265	46
618	396
476	173
181	0
651	534
268	214
182	157
679	494
537	25
191	5
661	224
522	427
434	398
110	10
569	2
546	84
517	167
671	110
601	461
611	313
625	332
507	99
372	146
274	92
648	391
687	320
500	188
517	283
567	473
359	106
521	354
400	392
238	184
699	97
282	238
663	318
382	138
303	231
615	465
133	79
686	344
354	230
277	12
479	31
530	304
548	23
431	244
523	422
448	271
541	481
674	288
414	348
509	232
619	60
224	169
274	164
588	441
508	440
604	555
656	290
507	203
368	289
409	261
681	514
173	161
100	7
591	419
366	219
286	57
617	143
529	477
621	474
411	52
612	102
669	547
280	18
499	91
537	418
289	48
555	88
417	161
692	160
653	611
429	263
362	192
622	588
323	25
262	74
105	12
340	18
564	108
560	365
531	494
442	189
387	238
178	92
311	146
338	204
374	101
486	348
319	292
521	204
694	337
482	474
616	429
606	559
468	440
353	83
680	280
651	71
381	373
660	201
669	196
306	170
563	106
491	253
683	473
358	254
295	43
632	555
402	369
519	135
671	597
637	528
633	33
556	289
328	240
266	13
389	81
349	51
525	510
280	272
659	233
531	422
604	495
525	370
132	71
288	203
412	95
696	619
529	229
206	49
480	260
577	528
596	126
111	87
667	110
377	50
634	285
517	308
375	257
351	216
257	71
457	191
394	193
299	275
681	678
620	53
570	216
567	320
632	260
399	285
453	222
287	42
474	80
277	83
574	163
607	25
218	107
623	329
692	325
427	194
359	199
206	153
524	319
532	467
339	71
329	149
667	182
666	251
287	79
290	248
595	323
278	229
555	362
184	153
508	61
550	173
475	432
436	210
681	33
272	185
612	130
547	188
325	238
571	448
217	81
403	48
630	45
382	329
379	117
199	132
670	99
656	159
325	221
339	204
673	271
559	150
637	4
685	89
579	137
505	220
691	75
273	59
641	173
477	204
656	348
631	103
671	386
698	459
253	205
632	470
580	302
517	437
669	296
658	266
612	234
550	165
387	298
500	463
559	159
333	124
599	567
627	114
548	53
419	43
334	322
459	30
330	6
277	178
535	72
574	102
651	425
577	99
520	386
666	323
550	193
573	23
167	92
306	163
603	234
283	71
495	272
84	6
680	318
648	383
602	136
599	208
611	331
173	101
622	535
578	425
333	130
675	591
597	327
185	156
431	140
421	335
331	312
555	467
497	345
271	99
473	130
395	160
198	31
595	446
645	587
626	512
428	1
370	147
516	314
406	198
662	548
448	171
427	17
398	24
125	20
216	74
455	348
625	383
391	239
451	6
695	489
683	392
575	432
106	27
490	281
433	331
542	209
312	214
42	15
336	169
541	390
301	204
360	30
620	598
559	393
573	20
454	352
627	188
186	5
619	279
350	11
242	27
336	118
528	87
428	139
541	255
536	317
669	372
628	173
91	6
687	92
600	169
536	528
681	268
167	39
325	194
274	21
677	175
94	34
479	413
89	55
153	50
552	295
329	198
677	384
522	277
434	256
673	194
280	15
607	218
149	68
426	67
218	12
516	294
629	21
657	11
333	215
547	293
420	220
418	156
360	59
103	65
630	227
328	115
490	264
369	191
196	37
435	283
328	190
276	253
465	326
153	111
679	486
130	87
574	556
491	292
252	246
365	326
340	6
631	608
497	349
664	277
444	86
401	74
683	129
572	303
607	26
232	182
332	268
425	93
234	97
189	143
489	17
545	458
687	639
623	90
228	86
671	510
626	185
470	327
418	122
300	298
577	292
365	166
609	562
521	459
639	103
444	172
282	218
493	469
475	69
534	64
355	160
520	354
513	42
297	263
328	199
589	39
310	216
649	370
573	549
161	54
429	113
400	12
491	416
417	404
171	162
281	238
681	630
342	220
264	196
346	255
322	9
593	36
685	506
667	180
687	431
523	491
356	69
570	199
463	93
376	137
595	138
552	218
244	179
533	414
563	433
614	341
379	93
422	140
577	516
563	129
659	333
677	171
251	172
557	155
183	152
694	209
670	247
357	43
512	30
482	31
590	130
450	11
439	171
263	260
585	484
429	349
288	125
399	138
257	30
502	311
626	249
191	16
363	268
241	189
632	105
421	187
421	178
500	81
198	178
572	418
221	12
420	50
189	128
653	342
509	42
590	170
210	33
593	571
293	102
518	46
257	103
618	335
309	233
127	16
368	187
330	55
624	538
505	334
626	58
291	24
611	45
472	426
278	91
434	61
451	205
581	36
315	232
517	99
668	129
648	502
580	429
687	449
214	20
488	406
689	441
168	52
558	403
375	273
462	53
519	426
300	160
184	98
466	210
213	16
307	293
682	232
537	192
538	216
690	581
622	467
322	144
627	529
565	548
366	329
241	239
627	122
577	265
657	360
444	62
556	116
672	355
138	100
436	157
635	358
513	18
589	354
362	204
272	47
153	59
687	260
367	149
453	257
638	76
451	397
638	15
478	393
692	315
581	123
470	218
600	578
236	173
479	330
503	323
255	215
62	45
198	20
326	307
662	322
364	131
652	270
553	465
376	49
379	313
426	50
295	174
331	212
219	54
689	84
627	485
413	154
131	95
532	151
570	464
332	331
371	65
623	515
347	272
416	102
671	531
462	170
389	147
396	237
541	5
599	7
343	147
420	316
645	260
167	149
544	314
225	34
563	334
652	367
633	190
240	45
533	161
571	14
422	82
480	228
467	188
562	367
485	226
445	72
575	203
559	339
456	424
664	378
611	506
326	231
591	314
350	189
693	538
313	201
530	280
603	449
604	93
544	261
131	59
92	28
554	90
620	490
598	538
611	77
523	426
633	276
388	74
512	483
634	614
366	170
546	380
467	64
129	94
678	334
625	436
275	201
271	93
532	367
547	90
665	485
496	122
603	29
574	64
577	112
649	340
350	71
628	483
465	110
517	5
682	167
663	123
591	374
532	259
657	469
198	150
642	415
623	53
177	51
255	32
175	163
483	176
180	171
640	245
302	28
662	449
268	256
522	210
429	50
237	61
518	151
583	570
659	438
632	161
693	59
573	101
180	24
282	56
139	133
367	148
567	379
130	127
380	110
453	345
653	125
56	21
252	194
471	445
498	56
478	17
309	252
613	538
669	94
582	518
584	132
632	373
691	35
543	368
413	15
351	120
454	357
439	313
374	134
563	105
669	520
641	326
627	508
538	407
691	133
444	244
661	371
401	396
519	230
544	375
287	115
296	280
629	86
696	143
511	400
671	102
381	305
414	239
623	509
321	260
682	311
547	51
229	65
606	595
69	28
422	48
600	241
373	338
273	247
536	516
282	207
362	103
663	464
672	4
661	62
575	367
314	287
293	3
508	80
342	98
292	147
680	409
512	256
415	22
515	379
617	260
376	20
489	151
356	229
438	157
331	170
488	300
423	262
506	39
641	191
375	340
653	148
567	145
585	457
255	105
423	311
583	340
412	304
644	442
670	546
379	91
241	36
599	164
503	265
645	103
413	213
635	300
425	30
331	47
226	173
577	387
672	110
565	27
652	379
478	99
444	175
518	367
472	10
699	600
671	474
293	8
202	136
349	43
607	582
550	312
527	72
547	410
339	73
581	256
571	531
358	328
446	283
425	288
271	187
608	386
581	421
673	369
479	361
635	239
205	196
660	347
499	173
676	568
175	1
646	437
360	180
468	199
285	269
584	307
503	488
640	182
545	271
220	72
288	55
697	347
592	482
613	596
559	16
625	373
238	49
614	336
221	25
623	80
659	494
371	289
487	329
131	17
625	370
489	245
688	288
328	49
581	335
662	323
446	78
330	2
502	280
670	134
468	335
115	37
647	602
551	309
640	139
27	9
225	119
417	310
227	93
26	12
452	259
664	118
457	364
264	161
569	312
612	611
672	221
652	596
152	78
454	9
243	124
512	419
658	277
479	36
557	54
668	0
496	140
606	185
457	311
660	440
137	100
471	243
530	191
430	303
422	43
374	119
67	47
514	219
657	106
459	454
337	195
659	56
629	316
667	72
221	214
694	14
473	344
621	609
328	195
240	122
564	178
161	40
417	51
638	360
559	11
433	245
549	412
115	84
93	89
259	89
214	157
250	19
605	271
324	103
468	372
587	244
480	378
642	519
328	3
680	15
410	310
301	239
195	183
385	366
458	315
246	146
645	594
379	271
119	112
572	300
531	371
676	649
432	66
284	94
418	12
277	13
163	40
658	458
266	255
418	85
480	319
159	17
473	399
637	69
386	132
446	107
575	496
696	2
607	365
582	272
200	121
671	554
455	234
319	159
663	215
404	106
691	345
469	132
601	586
473	449
223	39
590	230
595	313
573	147
377	82
557	451
466	168
473	335
209	195
309	107
504	374
436	273
683	297
387	259
483	439
269	138
369	229
507	433
176	103
438	60
280	122
695	11
175	155
335	317
657	629
509	327
436	124
567	92
210	168
583	534
626	378
502	47
477	108
347	237
390	257
473	408
625	32
506	437
417	335
617	7
569	468
512	300
528	443
654	54
447	121
458	375
525	37
624	426
210	162
436	57
310	303
537	239
624	204
578	498
286	284
448	155
338	29
351	109
616	215
459	409
612	580
571	280
430	226
445	11
423	314
